,alpha_dig,ninstance,num_qubits,depth,r,entropy,cross_entropy,cross_entropy_diff,nshots,IPR2,IPR4,IPR6,IPR8,IPR10
0,0.0,1.5811388300841898,0.0,0.0,0.0,0.0,6.383569696823622e-05,0.06383569696823603,0.0,1.1764552902995471e-11,3.588629909739372e-22,1.0523225145583008e-32,3.0350373393802975e-43,8.722495832837686e-54
0,0.0,1.5811388300841898,0.0,0.0,0.0,0.0,1.7968476319967394e-05,0.017968476319967192,0.0,4.4806305119430735e-12,2.1361708697258008e-23,1.0880281369339878e-34,5.666320341954831e-46,3.007598392689785e-57
0,1.2412670766236366e-16,1.5811388300841898,0.0,0.0,0.0,0.0,4.0334518206647715e-05,0.04033451820664763,0.0,1.428171851783271e-11,3.6941636872007305e-22,1.0582116502509401e-32,3.0387545549706213e-43,8.724904316635497e-54
0,0.0,1.5811388300841898,0.0,0.0,0.0,0.0,6.720669957707913e-05,0.067206699577079,0.0,1.0783040769368855e-11,2.153117200500495e-22,4.625321241805432e-33,1.006674181187682e-43,2.1933048800634602e-54
0,0.0,1.5811388300841898,0.0,0.0,0.0,0.0,3.1619049590882856e-05,0.031619049590883415,0.0,3.93257970479171e-12,1.3680216269495233e-23,5.150228325902539e-35,2.0112087598412017e-46,7.981020004377635e-58
0,0.0,0.8397191227596316,0.0,0.0,0.0,0.0,4.265311858996616e-05,0.042653118589966295,0.0,1.2469894990099048e-12,1.2973214530480289e-23,1.2050467605859672e-34,1.104885869790694e-45,1.0108719287251015e-56
0,0.0,1.5811388300841898,0.0,0.0,0.0,0.0,6.0847474337191394e-05,0.06084747433719146,0.0,1.3046004755580072e-11,3.6886256709124897e-22,1.0584504917767793e-32,3.038878133684267e-43,8.72495047507101e-54
0,0.0,1.5811388300841898,0.0,0.0,0.0,0.0,3.3293548941083346e-05,0.033293548941083204,0.0,1.7010781396070073e-12,3.0509708785759966e-24,5.339991435215047e-36,9.469630763971885e-48,1.7084001563480132e-59
0,0.0,1.5811388300841898,0.0,0.0,0.0,0.0,2.7913682614848322e-05,0.027913682614848282,0.0,2.454652868723584e-12,1.2211802328596726e-23,5.932376161544013e-35,2.9341204667274053e-46,1.4670487507944251e-57
0,0.0,1.5811388300841898,0.0,0.0,0.0,0.0,3.325914472200125e-05,0.03325914472200063,0.0,1.3298665823273677e-12,1.903022125826755e-24,3.658340938872649e-36,7.19972340881095e-48,1.4237694916965554e-59
0,0.0,1.5811388300841898,0.0,0.0,0.0,0.0,3.25252769570481e-05,0.032525276957048294,0.0,3.827453340553918e-12,4.4141518930578916e-23,4.567770740703666e-34,4.629380974446379e-45,4.675253001613925e-56
0,0.0,1.5811388300841898,0.0,0.0,0.0,0.0,2.8125573030934212e-05,0.02812557303093437,0.0,1.6220219013265714e-12,6.652705534066337e-24,2.4055750927048506e-35,8.911563699137975e-47,3.331987435457078e-58
0,5.621832816402975e-17,0.8397191227596316,0.0,0.0,0.0,0.0,1.3965825206166953e-05,0.013965825206166965,0.0,2.873678366571857e-13,9.983037988220254e-25,2.5297178810287406e-36,6.37901383404341e-48,1.6081725354143664e-59
0,0.0,1.5811388300841898,0.0,0.0,0.0,0.0,3.9705190602642326e-05,0.039705190602642,0.0,7.925662082721687e-13,1.7113267880847265e-24,3.5034288406980505e-36,7.033802152249149e-48,1.4049481903699431e-59
0,0.0,1.5811388300841898,0.0,0.0,0.0,0.0,2.058042256183137e-05,0.0205804225618316,0.0,1.1148734919390532e-11,2.69042081228999e-22,6.587036213275527e-33,1.6145261513280062e-43,3.9575458497790744e-54
0,0.0,1.5811388300841898,0.0,0.0,0.0,0.0,2.4633218422583324e-05,0.024633218422583085,0.0,3.21332251071092e-12,2.685565185087394e-23,2.086229867931165e-34,1.6181561965432335e-45,1.255020317820584e-56
0,1.2412670766236366e-16,1.5811388300841898,0.0,0.0,0.0,0.0,3.724557312716493e-05,0.03724557312716512,0.0,8.590002912108252e-13,5.679455119518966e-25,4.429230436480471e-37,3.7756993819700715e-49,3.3663854852933185e-61
0,0.0,1.5811388300841898,0.0,0.0,0.0,0.0,4.9828509008335804e-05,0.04982850900833565,0.0,4.785210070520833e-13,2.3790816528408866e-25,1.5717178523053637e-37,1.1158422094908139e-49,8.139447570602124e-62
0,0.0,1.5811388300841898,0.0,0.0,0.0,0.0,4.5263839607238765e-05,0.04526383960723926,0.0,1.3876831313228959e-12,1.5693161619411284e-24,2.2116513191729434e-36,3.2530347404322154e-48,4.8539719717524524e-60
0,5.621832816402975e-17,0.8397191227596316,0.0,0.0,0.0,0.0,1.4115323953324337e-05,0.014115323953324365,0.0,2.586878699906603e-13,3.366262486454083e-26,7.530866255838789e-39,1.884741381259795e-51,4.915807816715129e-64
0,0.0,1.5811388300841898,0.0,0.0,0.0,0.0,4.4521848951486275e-05,0.04452184895148642,0.0,2.8131857747781937e-13,4.521051233126632e-26,8.841874184275034e-39,1.8529592559337835e-51,3.941229393902494e-64
0,0.0,1.5811388300841898,0.0,0.0,0.0,0.0,3.544121648710154e-05,0.03544121648710117,0.0,2.1661338563115583e-13,1.7606474097457055e-25,1.234361574279791e-37,8.315775211942231e-50,5.526982613191515e-62
0,1.2412670766236366e-16,1.5811388300841898,0.0,0.0,0.0,0.0,3.0225545366196596e-05,0.030225545366196923,0.0,1.7415297382737278e-13,2.4986209257294112e-26,6.634168593348917e-39,1.6933502034455e-51,4.243114201161858e-64
0,0.0,1.5811388300841898,0.0,0.0,0.0,0.0,1.990083488769657e-05,0.019900834887696818,0.0,8.331135853493351e-13,1.680468477780456e-24,3.5816530445044365e-36,7.567887151212674e-48,1.578212791838545e-59
0,0.0,1.5811388300841898,0.0,0.0,0.0,0.0,1.910037916815328e-05,0.019100379168153235,0.0,1.388535953031383e-12,2.4440630317160267e-24,4.5302179153624275e-36,8.764039002266007e-48,1.7429553671575166e-59
0,0.0,1.5811388300841898,0.0,0.0,0.0,0.0,4.346616354973291e-05,0.043466163549732637,0.0,1.5481111426426988e-13,2.6257859552206664e-26,6.640065828151136e-39,1.658830365735025e-51,4.1183829186132815e-64
0,0.0,0.8397191227596316,0.0,0.0,0.0,0.0,1.972989305008169e-05,0.019729893050081805,0.0,1.7747213917494587e-13,5.246458399709437e-26,2.1537947206820527e-38,8.96491075572096e-51,3.701170801383195e-63
0,0.0,1.5811388300841898,0.0,0.0,0.0,0.0,2.326760388215783e-05,0.02326760388215748,0.0,2.646492784701677e-13,1.9209843822522938e-25,1.2784134446965059e-37,8.434131152373193e-50,5.558983614777444e-62
0,0.0,1.5811388300841898,0.0,0.0,0.0,0.0,2.487023371424404e-05,0.024870233714244315,0.0,1.6937370393695358e-13,8.672074435551957e-26,4.181772358251917e-38,1.9461304983947445e-50,8.957729768680538e-63
0,1.2412670766236366e-16,1.5811388300841898,0.0,0.0,0.0,0.0,2.650433484335084e-05,0.026504334843351164,0.0,2.2145367930374293e-13,5.286580181203426e-26,1.627746601174921e-38,5.1895833348338373e-51,1.6827724448063144e-63
0,1.2412670766236366e-16,1.5811388300841898,0.0,0.0,0.0,0.0,4.077444860754162e-05,0.04077444860754153,0.0,2.19920998149221e-13,3.221162381852777e-26,4.954534624713429e-39,7.973525427268475e-52,1.3365912589887337e-64
0,1.2412670766236366e-16,1.5811388300841898,0.0,0.0,0.0,0.0,2.3377477703042914e-05,0.02337747770304309,0.0,3.7246251129273545e-13,2.877715490278929e-25,2.266517145937386e-37,1.8014409257898735e-49,1.4344000358561846e-61
0,0.0,1.5811388300841898,0.0,0.0,0.0,0.0,1.688475504581429e-05,0.016884755045814544,0.0,4.6806621296101213e-14,9.833749710936661e-27,1.836181071615021e-39,3.186427517913539e-52,5.400162261307246e-65
0,0.0,0.8397191227596316,0.0,0.0,0.0,0.0,1.1943035633822894e-05,0.01194303563382277,0.0,2.869909302460144e-13,7.143406658278743e-25,1.5382236487645913e-36,3.286387686399157e-48,7.017596257129439e-60
0,1.5515838457795457e-17,1.5811388300841898,0.0,0.0,0.0,0.0,3.3766720495265786e-05,0.033766720495265815,0.0,2.0428344270820962e-13,9.375950072733943e-26,4.2915102919833105e-38,1.9647621359269316e-50,8.995162371211613e-63
0,0.0,1.5811388300841898,0.0,0.0,0.0,0.0,3.2117906330883964e-05,0.03211790633088396,0.0,3.9373644014417205e-13,3.269014757811777e-25,2.8515923059363925e-37,2.4948615904986573e-49,2.1851757701505446e-61
0,0.0,1.5811388300841898,0.0,0.0,0.0,0.0,4.001601899153511e-05,0.04001601899153521,0.0,4.0523193007544825e-13,1.102916619123208e-25,3.1848041461481244e-38,9.460762191272057e-51,2.876279782236932e-63
0,0.0,1.5811388300841898,0.0,0.0,0.0,0.0,4.658745662379938e-05,0.046587456623799345,0.0,2.414168696133739e-13,7.665729185775603e-26,3.190019337459822e-38,1.3875391266093838e-50,6.033928930583455e-63
0,0.0,1.5811388300841898,0.0,0.0,0.0,0.0,2.280330365386092e-05,0.022803303653861406,0.0,3.151472166542476e-13,3.303280828124865e-25,2.9610433864005092e-37,2.598113736502577e-49,2.271079840768619e-61
0,0.0,1.5811388300841898,0.0,0.0,0.0,0.0,2.9545808510984714e-05,0.029545808510984782,0.0,2.0152909825587156e-12,8.573253037202598e-24,3.8276642354724354e-35,1.7023776084593043e-46,7.54401763144873e-58
0,0.0,0.8397191227596316,0.0,0.0,0.0,0.0,2.287366065782821e-05,0.022873660657828115,0.0,2.539883480376612e-13,4.727669092732546e-26,1.5564575414678333e-38,5.7230043691355e-51,2.1672384097048515e-63
0,1.5515838457795457e-17,1.5811388300841898,0.0,0.0,0.0,0.0,5.132705999579163e-05,0.051327059995792165,0.0,7.365252907164297e-14,1.2401250113549319e-26,1.90908263851833e-39,3.0628075374378225e-52,5.046792499846002e-65
0,0.0,1.5811388300841898,0.0,0.0,0.0,0.0,2.0924426334989408e-05,0.02092442633498966,0.0,8.811407600292358e-14,1.2945353513219398e-26,1.8938599701298477e-39,2.6832221220331526e-52,3.778461272251711e-65
0,0.0,1.5811388300841898,0.0,0.0,0.0,0.0,3.092171398148592e-05,0.030921713981485865,0.0,4.361400323315238e-13,1.6695391285316624e-25,7.878554023627429e-38,3.9888115841956838e-50,2.0805908026144645e-62
0,0.0,1.5811388300841898,0.0,0.0,0.0,0.0,3.2615069959852824e-05,0.03261506995985331,0.0,1.5518094846600216e-13,2.908654424140546e-26,7.32567436179616e-39,1.897184620565602e-51,4.918128803796065e-64
0,0.0,1.5811388300841898,0.0,0.0,0.0,0.0,2.2783737317193657e-05,0.022783737317193967,0.0,1.5976107025216782e-13,1.9380936109469077e-26,3.0585891550881353e-39,5.510873893535511e-52,1.0342039838867175e-64
0,0.0,1.5811388300841898,0.0,0.0,0.0,0.0,3.225359316576405e-05,0.03225359316576429,0.0,2.1569216919058367e-13,5.752118861752922e-26,1.4978364174691785e-38,4.035902301504031e-51,1.1163310741238483e-63
0,0.0,0.8397191227596316,0.0,0.0,0.0,0.0,1.4095364490063662e-05,0.014095364490063935,0.0,1.3615507866803224e-13,1.3352558353015102e-26,4.148008062549379e-39,1.2858143431403755e-51,3.9143769018995705e-64
0,0.0,1.5811388300841898,0.0,0.0,0.0,0.0,1.5321142888665934e-05,0.015321142888665694,0.0,5.2275612088793704e-14,3.459682648998724e-27,2.3071826131444423e-40,1.4938510333235486e-53,9.604511824205678e-67
0,0.0,1.5811388300841898,0.0,0.0,0.0,0.0,2.5388031743693748e-05,0.025388031743693168,0.0,3.272956020496317e-13,2.2139686684429936e-25,1.502185273538223e-37,1.034355771966668e-49,7.156598120962327e-62
0,0.0,1.5811388300841898,0.0,0.0,0.0,0.0,2.6675235951513446e-05,0.02667523595151325,0.0,1.5028154430265126e-13,1.2162953492122237e-26,1.3880471390074068e-39,1.7835695516950732e-52,2.3928381731125515e-65
0,0.0,1.5811388300841898,0.0,0.0,0.0,0.0,2.9987244569123545e-05,0.029987244569123585,0.0,1.3806025239485048e-13,1.2183238982454541e-26,1.3344383439667309e-39,1.530086566832698e-52,1.7687185427328605e-65
0,0.0,1.5811388300841898,0.0,0.0,0.0,0.0,3.1918707473643174e-05,0.031918707473643455,0.0,1.1357055930858351e-13,2.665206984360816e-26,6.566065186283833e-39,1.646971289352037e-51,4.1211667494317626e-64
0,0.0,1.5811388300841898,0.0,0.0,0.0,0.0,4.0330392219182624e-05,0.0403303922191825,0.0,1.4800336758172007e-13,2.2504455062106426e-26,4.597265761475767e-39,1.006854159148007e-51,2.2280435350340376e-64
0,0.0,0.8397191227596316,0.0,0.0,0.0,0.0,1.6089348392410998e-05,0.016089348392410788,0.0,8.413470690756169e-14,9.380527562931069e-27,1.5361604414028385e-39,2.5556828556168342e-52,4.252651583040101e-65
0,0.0,1.5811388300841898,0.0,0.0,0.0,0.0,4.241452651782054e-05,0.0424145265178203,0.0,1.799205465251894e-14,1.68149769163198e-27,1.1018134564557084e-40,6.991015883347107e-54,4.4093604265764816e-67
0,0.0,1.5811388300841898,0.0,0.0,0.0,0.0,3.863245688352569e-05,0.03863245688352582,0.0,1.4858338907208414e-13,2.0431218873781163e-26,3.3984344676767017e-39,5.87542981140877e-52,1.0299708775264478e-64
0,0.0,1.5811388300841898,0.0,0.0,0.0,0.0,3.7656010509802155e-05,0.03765601050980233,0.0,3.7486321746667863e-13,3.6509239656646723e-25,3.3949020244282552e-37,3.126079111416314e-49,2.8667255502993456e-61
0,1.2412670766236366e-16,1.5811388300841898,0.0,0.0,0.0,0.0,2.017576478080171e-05,0.02017576478080157,0.0,3.290717067043396e-13,2.654993205510816e-25,2.104041372809184e-37,1.644985270717957e-49,1.2823546483303041e-61
0,0.0,1.5811388300841898,0.0,0.0,0.0,0.0,2.3896380195215994e-05,0.023896380195216026,0.0,1.2836531350057104e-13,4.0125203031068166e-26,1.25438405914737e-38,3.843970220460927e-51,1.1722528679984247e-63
0,0.0,1.5811388300841898,0.0,0.0,0.0,0.0,2.0556925636116568e-05,0.020556925636116222,0.0,5.434207015875742e-14,4.875969190133946e-27,5.499090708908341e-40,6.188656060917865e-53,6.874966101092429e-66
0,2.8109164082014877e-17,0.8397191227596316,0.0,0.0,0.0,0.0,2.647377992590107e-05,0.026473779925900793,0.0,6.439218119037413e-14,1.4272362048597895e-27,9.24120867857072e-41,7.807546241516291e-54,6.86955893831244e-67
0,7.757919228897728e-18,1.5811388300841898,0.0,0.0,0.0,0.0,2.5187717720281974e-05,0.025187717720282048,0.0,7.94558699148552e-14,1.4633517173342424e-26,2.640849682069592e-39,4.773925973868876e-52,8.629881914513167e-65
0,0.0,1.5811388300841898,0.0,0.0,0.0,0.0,3.150095081156756e-05,0.03150095081156805,0.0,6.22972387446865e-14,2.9910548726044446e-27,2.038814973699132e-40,1.4938660399910736e-53,1.1206068144272574e-66
0,0.0,1.5811388300841898,0.0,0.0,0.0,0.0,2.371886362422182e-05,0.023718863624221802,0.0,2.1994615590880278e-13,7.223287734866703e-26,2.402967590085807e-38,8.462809638764277e-51,3.057965905350564e-63
0,1.2412670766236366e-16,1.5811388300841898,0.0,0.0,0.0,0.0,9.52924533071154e-06,0.009529245330711889,0.0,8.377280390525973e-14,8.064694972663881e-27,1.1075501710223654e-39,1.5702406371437085e-52,2.2073258189820156e-65
0,0.0,1.5811388300841898,0.0,0.0,0.0,0.0,2.5776506510359254e-05,0.025776506510359357,0.0,1.3220908199283873e-13,1.3911531852492305e-26,2.240937667182377e-39,3.7969016952839225e-52,6.472954178699724e-65
0,0.0,1.5811388300841898,0.0,0.0,0.0,0.0,8.81678882476612e-06,0.008816788824766183,0.0,3.0674965742760435e-14,1.9902347944741583e-27,1.1837503236019987e-40,7.284423522185018e-54,4.5498835280943347e-67
0,0.0,0.8397191227596316,0.0,0.0,0.0,0.0,1.6865021586501875e-05,0.016865021586501834,0.0,4.762109066073902e-14,1.1742036302207006e-27,5.973831369871474e-41,3.999058447268378e-54,2.9390417691369105e-67
0,0.0,1.5811388300841898,0.0,0.0,0.0,0.0,4.125825891537222e-05,0.0412582589153724,0.0,5.8303593246005505e-15,2.923955299509442e-29,2.272027337812014e-43,1.890207715829062e-57,1.5733528408361137e-71
0,0.0,1.5811388300841898,0.0,0.0,0.0,0.0,1.591243328590652e-05,0.015912433285906098,0.0,1.4125200726714097e-13,6.533557934238658e-26,2.7241223106972415e-38,1.094244897228854e-50,4.352885713030282e-63
0,1.2412670766236366e-16,1.5811388300841898,0.0,0.0,0.0,0.0,5.469752516924122e-05,0.05469752516924074,0.0,7.63028162937683e-14,2.374407087198609e-27,1.1486833874188394e-40,6.341242968612255e-54,3.7025660498863845e-67
0,0.0,1.5811388300841898,0.0,0.0,0.0,0.0,3.2871928039197286e-05,0.03287192803919664,0.0,2.181850757788398e-14,6.169813145887062e-27,8.517831528999265e-40,1.1077376095519153e-52,1.4183149492410144e-65
0,0.0,1.5811388300841898,0.0,0.0,0.0,0.0,4.193652792054363e-05,0.04193652792054354,0.0,6.17379163494088e-14,8.518162581830932e-27,1.0620714224712652e-39,1.3395993045622303e-52,1.7003049800790998e-65
0,0.0,1.5811388300841898,0.0,0.0,0.0,0.0,4.3579374109589645e-05,0.04357937410958968,0.0,6.912414948255582e-14,7.541386733120344e-27,9.09216514932549e-40,1.1345878048078175e-52,1.4271636848764096e-65
0,0.0,0.8397191227596316,0.0,0.0,0.0,0.0,1.7285772052422903e-05,0.01728577205242267,0.0,1.0454048776059822e-13,4.4167719972820265e-27,3.1879294777202928e-40,2.691208342106626e-53,2.426836476788472e-66
0,0.0,1.5811388300841898,0.0,0.0,0.0,0.0,1.9547336382998873e-05,0.019547336382998732,0.0,1.3483458167985229e-14,3.1776736154010096e-28,8.01826132573731e-42,2.0724771760479543e-55,5.390308440760003e-69
0,0.0,1.5811388300841898,0.0,0.0,0.0,0.0,1.1911257997315428e-05,0.011911257997315332,0.0,1.8734936794903478e-13,4.563164044005529e-26,1.1522792691649766e-38,2.9913161317552506e-51,7.88993603645746e-64
0,1.2412670766236366e-16,1.5811388300841898,0.0,0.0,0.0,0.0,1.3094033974001913e-05,0.013094033974001546,0.0,1.0337455266082547e-13,2.903647203148692e-26,7.592073063795695e-39,1.959062883275259e-51,5.043635394277798e-64
0,1.2412670766236366e-16,1.5811388300841898,0.0,0.0,0.0,0.0,2.022638545728504e-05,0.020226385457285317,0.0,1.3588198962993299e-13,3.859289730308456e-26,1.0897931683953757e-38,3.0217665872482816e-51,8.342653089317048e-64
0,0.0,1.5811388300841898,0.0,0.0,0.0,0.0,2.1148480653511805e-05,0.021148480653511655,0.0,9.179754853857937e-14,7.808400973633029e-27,8.613705003432283e-40,1.023622339302337e-52,1.252072868905533e-65
0,6.206335383118183e-17,1.5811388300841898,0.0,0.0,0.0,0.0,3.4356607275896623e-05,0.034356607275896574,0.0,9.528431541369789e-14,1.685010750705908e-26,2.9970834678102455e-39,5.506999915344535e-52,1.0239314632459062e-64
0,0.0,0.8397191227596316,0.0,0.0,0.0,0.0,2.1652560851919904e-05,0.021652560851919887,0.0,1.0316798616933934e-13,2.1841154176952009e-26,5.6827820031538456e-39,1.4666884575144568e-51,3.776846688707539e-64
0,0.0,1.5811388300841898,0.0,0.0,0.0,0.0,3.504569377195309e-05,0.035045693771953323,0.0,1.426327042306198e-14,1.9554805514386796e-28,3.215914312087267e-42,5.389780962967352e-56,9.125855668568406e-70
0,0.0,1.5811388300841898,0.0,0.0,0.0,0.0,1.5994677269653994e-05,0.015994677269653892,0.0,3.0446328439468585e-13,1.4431640633114785e-25,7.758831149695534e-38,4.27645070397468e-50,2.3715166377537445e-62
0,0.0,1.5811388300841898,0.0,0.0,0.0,0.0,2.2179537856669436e-05,0.022179537856669474,0.0,1.2241943611523995e-13,2.0078505840129423e-26,3.928001564139147e-39,8.197057694695719e-52,1.7431725944881952e-64
0,1.2412670766236366e-16,1.5811388300841898,0.0,0.0,0.0,0.0,2.2016420066118426e-05,0.02201642006611794,0.0,4.3244288039957883e-13,1.8107343838710756e-25,8.290340999645287e-38,3.799663239110503e-50,1.7362624414605591e-62
0,0.0,1.5811388300841898,0.0,0.0,0.0,0.0,2.2511234566430063e-05,0.02251123456642999,0.0,6.229010409989587e-14,2.517246258402092e-27,1.1175392750424015e-40,5.198117349327557e-54,2.4959260803282846e-67
0,0.0,1.5811388300841898,0.0,0.0,0.0,0.0,5.6920662267847195e-05,0.056920662267847456,0.0,2.673286689408253e-14,4.608832584758691e-28,9.454092129461105e-42,2.00969459726875e-55,4.3111345590683693e-69
0,0.0,0.8397191227596316,0.0,0.0,0.0,0.0,1.753620529256307e-05,0.017536205292562956,0.0,5.911847376712793e-14,1.6807558008151035e-27,7.410452294780233e-41,3.9462383182345054e-54,2.4244915437336317e-67
0,3.878959614448864e-18,1.5811388300841898,0.0,0.0,0.0,0.0,3.803877782828639e-05,0.038038777828285936,0.0,7.35660115311573e-15,6.019161990694086e-29,7.011772227082855e-43,8.298479659780097e-57,9.77149301084231e-71
0,0.0,1.5811388300841898,0.0,0.0,0.0,0.0,1.9087158489630828e-05,0.01908715848963098,0.0,3.884292072734916e-13,1.7765821744735395e-25,8.068743468569387e-38,3.6614411499747803e-50,1.6632956012580027e-62
0,0.0,1.5811388300841898,0.0,0.0,0.0,0.0,1.3063378923925549e-05,0.013063378923925725,0.0,4.0436181366574154e-14,5.532974915841311e-27,6.5368417819059364e-40,7.474688958864279e-53,8.503097901934324e-66
0,1.2412670766236366e-16,1.5811388300841898,0.0,0.0,0.0,0.0,2.6288518465126886e-05,0.026288518465126687,0.0,2.3736429783350672e-14,2.5717161255723675e-27,1.8039803354020853e-40,1.1648746466031605e-53,7.375681829077233e-67
0,0.0,1.5811388300841898,0.0,0.0,0.0,0.0,2.2473070853195418e-05,0.022473070853195602,0.0,1.4180622675352306e-13,2.5439230129835621e-26,5.1946385916179275e-39,1.1191079750782853e-51,2.4605599086351445e-64
0,6.206335383118183e-17,1.5811388300841898,0.0,0.0,0.0,0.0,3.830183811515019e-05,0.038301838115149985,0.0,1.4712535504029453e-14,4.717168923464994e-28,1.590284283882642e-41,5.4862546926548524e-55,1.881155776108178e-68
0,0.0,0.8397191227596316,0.0,0.0,0.0,0.0,1.8582790654990643e-05,0.018582790654990564,0.0,1.546532081573148e-13,1.7053331719039375e-26,2.4738783529527383e-39,3.699075100426804e-52,5.597535848829136e-65
0,0.0,1.5811388300841898,0.0,0.0,0.0,0.0,3.5734388649967386e-05,0.03573438864996725,0.0,5.82643572360472e-15,1.5911509099978e-29,6.410327072506802e-44,3.0963626136075818e-58,1.5921106922365906e-72
0,0.0,1.5811388300841898,0.0,0.0,0.0,0.0,3.1970576095392725e-05,0.03197057609539283,0.0,8.264178930179588e-14,9.628492440313546e-27,1.6470266752658334e-39,2.7514430185137674e-52,4.4967803289431994e-65
0,1.2412670766236366e-16,1.5811388300841898,0.0,0.0,0.0,0.0,3.142175365777507e-05,0.0314217536577752,0.0,2.396097185729479e-13,1.038232333330307e-25,4.844738895873893e-38,2.333264774480116e-50,1.1298277042579048e-62
0,0.0,1.5811388300841898,0.0,0.0,0.0,0.0,1.2676950152125329e-05,0.012676950152125216,0.0,8.08308805265598e-14,1.0960810154608265e-26,1.714963563424824e-39,2.708949848033342e-52,4.269334435336424e-65
0,0.0,1.5811388300841898,0.0,0.0,0.0,0.0,3.4049416994633964e-05,0.03404941699463405,0.0,6.710667332185458e-14,3.633283939930249e-27,2.2547408958146813e-40,1.4418310113363007e-53,9.336868839777306e-67
0,0.0,1.5811388300841898,0.0,0.0,0.0,0.0,6.074557990756541e-05,0.060745579907565336,0.0,3.1994538583096296e-14,1.7261275800189653e-27,1.1030458848009985e-40,6.946523830475459e-54,4.3635860329347845e-67
0,0.0,0.8397191227596316,0.0,0.0,0.0,0.0,6.305372995544131e-06,0.006305372995544118,0.0,4.136492225611528e-14,1.875714153585594e-28,1.9373995705001122e-42,3.8021524813665652e-56,9.026760849997663e-70
0,0.0,1.5811388300841898,0.0,0.0,0.0,0.0,4.3350325379192573e-05,0.04335032537919227,0.0,6.052936619630191e-15,1.6179164646051027e-28,3.57301003934375e-42,7.334087272754375e-56,1.484375964688887e-69
