,alpha_dig,ninstance,num_qubits,depth,r,entropy,cross_entropy,cross_entropy_diff,nshots,IPR2,IPR4,IPR6,IPR8,IPR10
0,0.0,3.0276503540974917,0.0,0.0,0.0,0.024169721141014646,0.012511446149892833,0.012511446149892833,0.0,2.981289304905029e-05,6.553379248344007e-10,1.975457610226465e-14,6.936143714331587e-19,2.5725126017426e-23
0,0.0,3.0276503540974917,0.0,0.0,1.142849436385645e-19,0.014418297688525424,0.011648767452380615,0.011648767452380616,0.0,1.56675575145122e-05,3.7185637555904234e-10,1.0095475654719947e-14,2.9225996022686056e-19,8.575048513728171e-24
0,1.1702778228589004e-16,3.0276503540974917,0.0,0.0,2.28569887277129e-19,0.017536912880295366,0.016418976807627047,0.01641897680762705,0.0,1.4686702702653835e-05,2.8778411895204045e-10,7.729687050860117e-15,2.2379281314596847e-19,6.576604456050716e-24
0,0.0,3.0276503540974917,0.0,0.0,4.57139774554258e-19,0.022103185414919457,0.022052286576225297,0.022052286576225297,0.0,2.0707623325908904e-05,3.0234670728479967e-10,7.798328357835868e-15,2.258335091347251e-19,6.624157334973544e-24
0,1.1702778228589004e-16,3.0276503540974917,0.0,0.0,9.14279549108516e-19,0.025109346748780348,0.01815322968116041,0.01815322968116041,0.0,1.7039501479385728e-05,2.0510498900408296e-10,3.868661889958577e-15,7.664442926063435e-20,1.5592519961188106e-24
0,5.851389114294502e-17,3.0276503540974917,0.0,0.0,1.828559098217032e-18,0.018581870357033136,0.021183223516279163,0.021183223516279163,0.0,9.925621259755338e-06,5.342785829967698e-11,4.046367671182718e-16,3.500487592884563e-21,3.137228132047145e-26
0,5.851389114294502e-17,3.0276503540974917,0.0,0.0,3.657118196434064e-18,0.019709712914661934,0.012156723316614989,0.012156723316614989,0.0,9.065067498511326e-06,5.911773259215697e-11,4.619364349123839e-16,4.075776059507113e-21,3.70497749900149e-26
0,0.0,3.0276503540974917,0.0,0.0,0.0,0.015557391773382364,0.01304554359511411,0.01304554359511411,0.0,1.1769885801321655e-05,1.326649403188521e-10,1.918829748973493e-15,3.1419376571094653e-20,5.292388712818036e-25
0,0.0,3.0276503540974917,0.0,0.0,1.142849436385645e-19,0.013432577800327231,0.011620838134492927,0.011620838134492929,0.0,6.072705244221029e-06,1.3846354896527874e-10,2.9313064619415702e-15,5.865414100987291e-20,1.1551643199797646e-24
0,0.0,3.0276503540974917,0.0,0.0,2.28569887277129e-19,0.02430935192914741,0.016087299118095325,0.016087299118095325,0.0,1.192702039753356e-05,1.1280006923223758e-10,1.3178515677592114e-15,1.6394528586502295e-20,2.140251240195205e-25
0,0.0,3.0276503540974917,0.0,0.0,4.57139774554258e-19,0.012852701321718792,0.015296152907917242,0.015296152907917242,0.0,6.838392641448882e-06,8.00763369869996e-11,9.44567240515407e-16,1.1151260424397491e-20,1.3313907706719982e-25
0,0.0,3.0276503540974917,0.0,0.0,9.14279549108516e-19,0.025680198216598935,0.009191932569873702,0.009191932569873702,0.0,1.0233438308763208e-05,8.68810960447222e-11,8.313182221112935e-16,8.007871865787505e-21,7.703290067716491e-26
0,5.851389114294502e-17,3.0276503540974917,0.0,0.0,1.828559098217032e-18,0.012388260002920549,0.016188489599579758,0.016188489599579754,0.0,4.2280013225562435e-06,4.345029688430222e-11,3.900444882218007e-16,3.607959293286968e-21,3.4128487632049813e-26
0,0.0,3.0276503540974917,0.0,0.0,3.657118196434064e-18,0.01455074649706341,0.018638233212702915,0.018638233212702915,0.0,4.0175749176431435e-06,1.367101299663727e-11,7.939902933646621e-17,4.986408558778951e-22,3.1792433929418037e-27
0,0.0,3.0276503540974917,0.0,0.0,0.0,0.0224597050318035,0.021076105415942518,0.021076105415942514,0.0,1.053450387265561e-05,2.9171633923323214e-11,1.1961271692903987e-16,5.963767635263903e-22,3.156420353422367e-27
0,2.340555645717801e-16,3.0276503540974917,0.0,0.0,1.142849436385645e-19,0.02754881574792104,0.019383143681617032,0.019383143681617036,0.0,1.0820296961613679e-05,4.394476598363919e-11,4.355602202739228e-16,5.036040594212384e-21,5.822941460410529e-26
0,1.1702778228589004e-16,3.0276503540974917,0.0,0.0,2.28569887277129e-19,0.01725614525410268,0.015591625370031238,0.015591625370031238,0.0,7.659559218390286e-06,4.332390384378851e-11,4.970764860110442e-16,5.81197031108572e-21,6.68146361914175e-26
0,0.0,3.0276503540974917,0.0,0.0,4.57139774554258e-19,0.022145062803366748,0.011884987943087845,0.011884987943087845,0.0,6.699792204128095e-06,1.5610694589300333e-11,6.194723552077861e-17,3.107865216970736e-22,1.5808808141698096e-27
0,0.0,3.0276503540974917,0.0,0.0,9.14279549108516e-19,0.01950111446778887,0.013697382875238862,0.013697382875238862,0.0,5.730631378705582e-06,3.84846020575233e-11,2.9034473336848023e-16,2.2124225070924574e-21,1.691335237130644e-26
0,5.851389114294502e-17,3.0276503540974917,0.0,0.0,1.828559098217032e-18,0.01598101589789446,0.01839195386473147,0.018391953864731473,0.0,4.749999472823082e-06,1.2003732695263307e-11,4.49894952736203e-17,2.015074840995264e-22,9.62958438386206e-28
0,0.0,3.0276503540974917,0.0,0.0,3.657118196434064e-18,0.022154056108478065,0.027935588496534033,0.02793558849653403,0.0,3.995119604451709e-06,4.692344268805673e-12,9.40299076904034e-18,2.2465141153465412e-23,5.761111694602571e-29
0,0.0,3.0276503540974917,0.0,0.0,0.0,0.016175656482977273,0.011032665392675674,0.011032665392675674,0.0,5.205132664645109e-06,1.92233165055264e-11,8.818321034283816e-17,4.495335945160476e-22,2.391649913918601e-27
0,1.1702778228589004e-16,3.0276503540974917,0.0,0.0,1.142849436385645e-19,0.01470410260171909,0.01459196183158102,0.01459196183158102,0.0,3.730353911091425e-06,1.293075716502092e-11,5.812785160849774e-17,3.0284828971017224e-22,1.6640420844465557e-27
0,1.1702778228589004e-16,3.0276503540974917,0.0,0.0,2.28569887277129e-19,0.020649118949397766,0.015275849122400157,0.015275849122400157,0.0,5.690984961960364e-06,3.804103372545586e-11,3.4314463540574286e-16,3.2481514968935715e-21,3.1456469396147757e-26
0,0.0,3.0276503540974917,0.0,0.0,4.57139774554258e-19,0.01779639444143165,0.01498190938683681,0.014981909386836809,0.0,4.2620563426121326e-06,1.638738103482446e-11,1.1872479591683708e-16,8.800025080471032e-22,6.475716967635574e-27
0,0.0,3.0276503540974917,0.0,0.0,9.14279549108516e-19,0.017402330919503117,0.009659957873327346,0.009659957873327346,0.0,4.1219119736364474e-06,1.8793370354977597e-11,1.2402712741178143e-16,8.850330331396028e-22,6.446354640866847e-27
0,0.0,3.0276503540974917,0.0,0.0,1.828559098217032e-18,0.016644528189671437,0.01746823561153978,0.01746823561153978,0.0,2.0590555181487213e-06,4.530566925726596e-12,1.1912252981767165e-17,3.2796495101691465e-23,9.382111581708936e-29
0,0.0,3.0276503540974917,0.0,0.0,3.657118196434064e-18,0.01901802844553228,0.010530676402506428,0.010530676402506428,0.0,1.8407329226952624e-06,2.858913189673158e-12,6.185978209922061e-18,1.465537661206912e-23,3.635958567648444e-29
0,0.0,3.0276503540974917,0.0,0.0,0.0,0.01722430178825463,0.012961389526077102,0.0129613895260771,0.0,3.6843167278967625e-06,1.5331076786006474e-11,8.043297189743805e-17,4.478298489871959e-22,2.591927018248426e-27
0,1.1702778228589004e-16,3.0276503540974917,0.0,0.0,1.142849436385645e-19,0.016320097982285012,0.016338499493218812,0.016338499493218812,0.0,4.240759979641824e-06,8.116531088934022e-12,2.2954970301347643e-17,7.511182884784083e-23,2.600715140178855e-28
0,1.1702778228589004e-16,3.0276503540974917,0.0,0.0,2.28569887277129e-19,0.013741047970464682,0.011222456746079225,0.011222456746079225,0.0,2.306152639934942e-06,6.131210283780105e-12,2.8661825809871887e-17,1.3060331737311392e-22,5.807960484693883e-28
0,1.1702778228589004e-16,3.0276503540974917,0.0,0.0,4.57139774554258e-19,0.015275481985267491,0.01240658938651163,0.012406589386511634,0.0,3.402303896835531e-06,7.636000581852655e-12,2.6784216648069335e-17,1.0338283499144051e-22,4.168779520535079e-28
0,1.1702778228589004e-16,3.0276503540974917,0.0,0.0,9.14279549108516e-19,0.012872137419424353,0.016965105188712724,0.016965105188712724,0.0,2.8545853850615026e-06,7.636904740681233e-12,2.795028708491531e-17,1.1030480899317756e-22,4.509118092141766e-28
0,5.851389114294502e-17,3.0276503540974917,0.0,0.0,1.828559098217032e-18,0.015447166488642557,0.014309324295570533,0.014309324295570533,0.0,2.5364481383935056e-06,1.1517700107733e-11,7.102636264611556e-17,4.343916197085749e-22,2.6476660290946806e-27
0,1.4628472785736255e-17,3.0276503540974917,0.0,0.0,3.657118196434064e-18,0.012638841629991661,0.017071444058280292,0.017071444058280292,0.0,9.873137272644572e-07,1.0313327047284238e-12,1.4596814740521718e-18,2.1280038067842533e-24,3.151966631464531e-30
0,0.0,3.0276503540974917,0.0,0.0,0.0,0.022365967685535434,0.013987963961718475,0.013987963961718477,0.0,5.65669677028274e-06,1.3553395636690168e-11,6.608592737165356e-17,3.8005848275600817e-22,2.2268959201464327e-27
0,1.1702778228589004e-16,3.0276503540974917,0.0,0.0,1.142849436385645e-19,0.01599943016973922,0.011525754102145484,0.011525754102145484,0.0,3.568467575285401e-06,1.0747897980440734e-11,3.8119956923528066e-17,1.451123889133659e-22,5.66768951653534e-28
0,0.0,3.0276503540974917,0.0,0.0,2.28569887277129e-19,0.012520690924757787,0.010857789991498926,0.010857789991498926,0.0,2.4850088795286647e-06,7.938599215491865e-12,2.888731277428097e-17,1.0378216250499335e-22,3.758920240146843e-28
0,0.0,3.0276503540974917,0.0,0.0,4.57139774554258e-19,0.019390087626172132,0.013658006180182768,0.013658006180182768,0.0,5.305779888883243e-06,1.6343683688666784e-11,8.64556781463434e-17,5.115574070329828e-22,3.0624953809304823e-27
0,1.1702778228589004e-16,3.0276503540974917,0.0,0.0,9.14279549108516e-19,0.026751945094741762,0.012407521463408873,0.012407521463408873,0.0,4.404158197237221e-06,1.4931001051602328e-11,8.239660346356817e-17,4.854432544446558e-22,2.8697739189255144e-27
0,0.0,3.0276503540974917,0.0,0.0,1.828559098217032e-18,0.007951168255868004,0.01949829113753418,0.01949829113753418,0.0,2.4482212272282874e-06,5.747467802289176e-12,2.2328645780517593e-17,8.612078654868158e-23,3.29821556021222e-28
0,1.4628472785736255e-17,3.0276503540974917,0.0,0.0,3.657118196434064e-18,0.00969954875481369,0.017643549239783472,0.017643549239783472,0.0,1.287499678216563e-06,1.0111648161446582e-12,1.0015839578414958e-18,1.096914289898859e-24,1.2881098481452262e-30
0,0.0,3.0276503540974917,0.0,0.0,0.0,0.017414219011210152,0.00949589518350069,0.00949589518350069,0.0,3.8476205178291885e-06,9.46922506758528e-12,3.907180644439739e-17,1.8597508664749888e-22,9.143762541391578e-28
0,2.340555645717801e-16,3.0276503540974917,0.0,0.0,1.142849436385645e-19,0.01376163940851958,0.01129194190365649,0.01129194190365649,0.0,2.2949168663041257e-06,3.3076977320926032e-12,6.365559055157662e-18,1.2817712892816771e-23,2.6507284798484495e-29
0,0.0,3.0276503540974917,0.0,0.0,2.28569887277129e-19,0.018376977249059335,0.01670968923413299,0.01670968923413299,0.0,3.794516922664997e-06,5.0268475631831994e-12,1.32708368783321e-17,4.17632589581764e-23,1.3842557214658936e-28
0,1.1702778228589004e-16,3.0276503540974917,0.0,0.0,4.57139774554258e-19,0.01391654148029085,0.011023017238079757,0.011023017238079757,0.0,2.4359879243724784e-06,8.876683068601448e-12,3.5635254245655324e-17,1.3873492328575433e-22,5.376302186752475e-28
0,0.0,3.0276503540974917,0.0,0.0,9.14279549108516e-19,0.012405126019351018,0.017623575589417625,0.017623575589417625,0.0,1.9392077360553135e-06,3.2520936472884836e-12,7.611800999475982e-18,1.8690313478203147e-23,4.674286697415668e-29
0,5.851389114294502e-17,3.0276503540974917,0.0,0.0,1.828559098217032e-18,0.011025384909358322,0.01314899988972278,0.01314899988972278,0.0,1.053471923673708e-06,2.1301379313886528e-12,5.728941125405283e-18,1.5289986915313878e-23,4.079089658869677e-29
0,1.4628472785736255e-17,3.0276503540974917,0.0,0.0,3.657118196434064e-18,0.017651468048870425,0.01679262589101815,0.016792625891018154,0.0,8.702014270189751e-07,4.350892655538146e-13,3.9295654089913795e-19,3.7627192021878157e-25,3.6247680591101197e-31
0,0.0,3.0276503540974917,0.0,0.0,0.0,0.01442220560569603,0.011703790171785595,0.011703790171785595,0.0,2.4555009317786246e-06,2.1672963207364827e-12,2.8192205752292796e-18,4.401850173420756e-24,7.334033876693627e-30
0,1.1702778228589004e-16,3.0276503540974917,0.0,0.0,1.142849436385645e-19,0.013331569081528322,0.012458884360846405,0.012458884360846405,0.0,2.312167747152875e-06,2.506119676590703e-12,5.0282594512193586e-18,1.200557174816359e-23,2.980333717146716e-29
0,0.0,3.0276503540974917,0.0,0.0,2.28569887277129e-19,0.014880652072375544,0.01412155962443242,0.01412155962443242,0.0,2.0607955660875883e-06,1.6939561932727121e-12,3.3952149356981537e-18,7.281311585197984e-24,1.5925633129712035e-29
0,1.1702778228589004e-16,3.0276503540974917,0.0,0.0,4.57139774554258e-19,0.014574592314362943,0.015197220567529129,0.015197220567529129,0.0,1.691436924357678e-06,1.5750166499600564e-12,2.101734994644594e-18,2.8458952194560837e-24,3.860349432243795e-30
0,0.0,3.0276503540974917,0.0,0.0,9.14279549108516e-19,0.016241973062176902,0.012935274527345822,0.012935274527345822,0.0,1.7364455120786279e-06,2.1434052666272594e-12,3.525303417154548e-18,6.4818456621257896e-24,1.2442267940636205e-29
0,0.0,3.0276503540974917,0.0,0.0,1.828559098217032e-18,0.013360777415232112,0.016762993131140172,0.016762993131140172,0.0,9.443582858807989e-07,4.25243708879415e-13,2.527346934559552e-19,1.691132393706674e-25,1.206800754205709e-31
0,1.4628472785736255e-17,3.0276503540974917,0.0,0.0,3.657118196434064e-18,0.011150122277615204,0.01474568228068911,0.014745682280689109,0.0,8.069417481480223e-07,2.0659510149772904e-13,1.1007343712150836e-19,7.0578601150537e-26,4.675841039230293e-32
0,0.0,3.0276503540974917,0.0,0.0,0.0,0.01616254220902657,0.007793436893214924,0.007793436893214924,0.0,2.5517541275904624e-06,5.4462958251793976e-12,1.449869276807512e-17,4.5678032778624605e-23,1.52579250029505e-28
0,0.0,3.0276503540974917,0.0,0.0,1.142849436385645e-19,0.017860621519895904,0.012027578660718982,0.012027578660718982,0.0,2.7750509602686538e-06,2.062575205251193e-12,2.4342455044820552e-18,3.6067146285897806e-24,5.846023321028868e-30
0,1.1702778228589004e-16,3.0276503540974917,0.0,0.0,2.28569887277129e-19,0.013598860394656263,0.011306138250441869,0.01130613825044187,0.0,1.8148540719589344e-06,3.4828785905181347e-12,8.173363863601297e-18,1.9486167899584134e-23,4.7867224422624075e-29
0,1.1702778228589004e-16,3.0276503540974917,0.0,0.0,4.57139774554258e-19,0.015955546129166755,0.010895955340943356,0.010895955340943357,0.0,2.1426889701330145e-06,1.93295376668273e-12,3.514825592043516e-18,7.426431030526829e-24,1.630637413523539e-29
0,0.0,3.0276503540974917,0.0,0.0,9.14279549108516e-19,0.015478090360570575,0.02136002880412195,0.02136002880412195,0.0,1.952351973696862e-06,1.965028750607662e-12,3.727330377582912e-18,7.763916288188127e-24,1.6708933938884914e-29
0,2.925694557147251e-17,3.0276503540974917,0.0,0.0,1.828559098217032e-18,0.017464865190814603,0.02092122014705796,0.02092122014705796,0.0,1.7238885263271637e-06,1.0087713197703793e-12,9.33101604082115e-19,1.0731510375605272e-24,1.3484264901536823e-30
0,7.314236392868128e-18,3.0276503540974917,0.0,0.0,3.657118196434064e-18,0.012070642220130854,0.006999414530990637,0.006999414530990636,0.0,7.354534512054845e-07,5.919824158713557e-13,5.493290866316754e-19,5.209728667486709e-25,4.971928944775016e-31
0,0.0,3.0276503540974917,0.0,0.0,0.0,0.011161620256677053,0.01153963745938797,0.01153963745938797,0.0,1.6141031355893443e-06,4.410484954452204e-12,1.366326093765409e-17,4.48322523914531e-23,1.5072307479016313e-28
0,1.1702778228589004e-16,3.0276503540974917,0.0,0.0,1.142849436385645e-19,0.017712074414777866,0.010025043024919501,0.010025043024919503,0.0,2.47258280233657e-06,2.2240100087963177e-12,3.1964908854099733e-18,5.206462751499567e-24,8.743593040145506e-30
0,1.1702778228589004e-16,3.0276503540974917,0.0,0.0,2.28569887277129e-19,0.007279123269834405,0.011927451397546576,0.011927451397546574,0.0,1.5513577228051764e-06,2.756827104882543e-12,5.833963296314037e-18,1.3717029106466446e-23,3.298031023109987e-29
0,0.0,3.0276503540974917,0.0,0.0,4.57139774554258e-19,0.010485050296330335,0.009510758836178522,0.009510758836178522,0.0,1.6064961200059202e-06,1.4489423488496844e-12,1.8925058888661865e-18,2.5885854643355023e-24,3.675172046634253e-30
0,0.0,3.0276503540974917,0.0,0.0,9.14279549108516e-19,0.012487660336160656,0.013165440701131082,0.013165440701131082,0.0,1.1568458614949174e-06,5.720068832302592e-13,3.783333056294343e-19,2.769750711889201e-25,2.148656383413179e-31
0,0.0,3.0276503540974917,0.0,0.0,1.828559098217032e-18,0.01850783968862945,0.013092066679208992,0.013092066679208992,0.0,1.354221296542058e-06,5.384444183539861e-13,3.7222862174950896e-19,3.0024763439432606e-25,2.5186392371432934e-31
0,0.0,3.0276503540974917,0.0,0.0,3.657118196434064e-18,0.01495104500248039,0.021031216532843337,0.021031216532843337,0.0,7.457381465015785e-07,1.701380502599952e-13,1.133231076420492e-19,8.25035123409595e-26,6.017468818017484e-32
0,0.0,3.0276503540974917,0.0,0.0,0.0,0.010927942292709677,0.011901842412519707,0.011901842412519705,0.0,2.179456287436457e-06,1.7935626453309009e-12,2.026688647684339e-18,2.683460358296324e-24,3.804926118290436e-30
0,1.1702778228589004e-16,3.0276503540974917,0.0,0.0,1.142849436385645e-19,0.014746187746249542,0.015965831068075344,0.015965831068075344,0.0,1.937610293506962e-06,1.5501935369556232e-12,2.6043181433319086e-18,4.314430793266007e-24,7.182321183131632e-30
0,0.0,3.0276503540974917,0.0,0.0,2.28569887277129e-19,0.014381102818008648,0.009174755950121837,0.009174755950121839,0.0,1.7059189801818532e-06,1.3044479279993448e-12,1.340329733824171e-18,1.5271146183253729e-24,1.926508081461971e-30
0,1.1702778228589004e-16,3.0276503540974917,0.0,0.0,4.57139774554258e-19,0.016994116019816093,0.012786262448738674,0.012786262448738674,0.0,1.9867494442617626e-06,1.5467969044157798e-12,1.589744775121311e-18,1.8738266856458657e-24,2.350507028814579e-30
0,5.851389114294502e-17,3.0276503540974917,0.0,0.0,9.14279549108516e-19,0.012023889085256303,0.01832561430018524,0.01832561430018524,0.0,1.1128668118470606e-06,1.3105659209651477e-12,2.2467125917161457e-18,4.1910527499943424e-24,8.023208186265398e-30
0,0.0,3.0276503540974917,0.0,0.0,1.828559098217032e-18,0.010385363652429185,0.02363199575088325,0.02363199575088325,0.0,9.44918361459339e-07,4.841320485955083e-13,4.633450222413447e-19,4.893273194052043e-25,5.390012866821771e-31
0,7.314236392868128e-18,3.0276503540974917,0.0,0.0,3.657118196434064e-18,0.007142829108748551,0.015996614972143202,0.015996614972143202,0.0,6.006041711134272e-07,1.274177153318383e-13,4.5971178100117084e-20,1.8862472341700368e-26,8.364495569412411e-33
0,0.0,3.0276503540974917,0.0,0.0,0.0,0.011987347230186789,0.010792874245590486,0.010792874245590485,0.0,2.7525155505452882e-06,7.67159304377139e-12,3.0951112540090693e-17,1.3702274621524002e-22,6.195838855524538e-28
0,1.1702778228589004e-16,3.0276503540974917,0.0,0.0,1.142849436385645e-19,0.008911303617276968,0.016196167291939862,0.016196167291939862,0.0,1.9886208948469644e-06,4.253721396232674e-12,1.1437443993341317e-17,3.6108745370269165e-23,1.1920418968881407e-28
0,1.1702778228589004e-16,3.0276503540974917,0.0,0.0,2.28569887277129e-19,0.01603497384712054,0.008508312496435279,0.008508312496435277,0.0,1.9154696352224556e-06,5.100900267726301e-12,1.6530427206023786e-17,5.254537877084096e-23,1.656375766645566e-28
0,1.1702778228589004e-16,3.0276503540974917,0.0,0.0,4.57139774554258e-19,0.015633443675263804,0.019219791575970358,0.019219791575970358,0.0,2.47249438915804e-06,3.227094253829727e-12,5.547808093307816e-18,1.0073841147977062e-23,1.8953047254109376e-29
0,5.851389114294502e-17,3.0276503540974917,0.0,0.0,9.14279549108516e-19,0.013999601954074667,0.008236753078724944,0.008236753078724944,0.0,1.3549025079331224e-06,1.4740465367251424e-12,3.0158241883496053e-18,6.238669008391349e-24,1.305053986181973e-29
0,0.0,3.0276503540974917,0.0,0.0,1.828559098217032e-18,0.012696543865023273,0.016776294297276038,0.016776294297276034,0.0,9.767564577252345e-07,4.0142669370264007e-13,2.241510764523258e-19,1.3181177389380647e-25,7.89670815914759e-32
0,7.314236392868128e-18,3.0276503540974917,0.0,0.0,3.657118196434064e-18,0.01627939965527558,0.02445266631429468,0.02445266631429468,0.0,5.490642456995402e-07,4.2791337998711717e-13,4.631463402374643e-19,5.316908329630941e-25,6.099684431794519e-31
0,0.0,3.0276503540974917,0.0,0.0,0.0,0.011989417976909706,0.006784776061104111,0.006784776061104111,0.0,1.8960836280696484e-06,2.9173226153384442e-12,6.5003700427946684e-18,1.6693783453380645e-23,4.494694047651107e-29
0,1.1702778228589004e-16,3.0276503540974917,0.0,0.0,1.142849436385645e-19,0.010600329460704716,0.01217116564521579,0.01217116564521579,0.0,1.5792849104222618e-06,2.9315397966667555e-12,5.04433080177935e-18,8.645030533078346e-24,1.5010839157488704e-29
0,1.1702778228589004e-16,3.0276503540974917,0.0,0.0,2.28569887277129e-19,0.011580402532362234,0.009271316708759197,0.009271316708759195,0.0,1.914656332041742e-06,3.727347222940603e-12,9.221524157952636e-18,2.330339087154824e-23,5.946678842966926e-29
0,1.1702778228589004e-16,3.0276503540974917,0.0,0.0,4.57139774554258e-19,0.01456662558803912,0.017978748037300343,0.017978748037300343,0.0,2.0671964742983534e-06,2.085105310629926e-12,2.6734342716428787e-18,3.778213981311829e-24,5.604997952161781e-30
0,0.0,3.0276503540974917,0.0,0.0,9.14279549108516e-19,0.012741383376165786,0.009304991281968657,0.009304991281968657,0.0,1.1437912194053203e-06,6.836554095545883e-13,5.506211557148593e-19,4.671294589349251e-25,4.037619009591319e-31
0,0.0,3.0276503540974917,0.0,0.0,1.828559098217032e-18,0.01291952579611092,0.01419659769136104,0.01419659769136104,0.0,8.435333711152561e-07,3.359069343932121e-13,2.0100865816474512e-19,1.349085369177962e-25,9.529922225424627e-32
0,3.657118196434064e-18,3.0276503540974917,0.0,0.0,3.657118196434064e-18,0.014863151275858688,0.011179915298475188,0.01117991529847519,0.0,5.662477966269641e-07,1.316462828079134e-13,4.378563048358295e-20,1.6109112905052823e-26,6.183404082259496e-33
0,0.0,3.0276503540974917,0.0,0.0,0.0,0.016933435664459536,0.00995943550290163,0.00995943550290163,0.0,1.97150374179697e-06,1.4341064459288317e-12,1.5895762510578338e-18,1.9871430127101552e-24,2.585633370896707e-30
0,0.0,3.0276503540974917,0.0,0.0,1.142849436385645e-19,0.015458409283842858,0.017195779959672936,0.017195779959672936,0.0,2.2646704488159376e-06,3.0595399701538526e-12,6.530230706638626e-18,1.6007657819094014e-23,4.089892301391472e-29
0,1.1702778228589004e-16,3.0276503540974917,0.0,0.0,2.28569887277129e-19,0.009883096891281055,0.01581355539058406,0.01581355539058406,0.0,1.5914259188176971e-06,2.1128154826840633e-12,3.3453193942188817e-18,5.853972602365126e-24,1.0664817777783802e-29
0,0.0,3.0276503540974917,0.0,0.0,4.57139774554258e-19,0.010909675993771942,0.008142872408863694,0.008142872408863694,0.0,1.2763942329925081e-06,2.9783510303163547e-12,9.841261826492306e-18,3.172835182944448e-23,1.0117521121998932e-28
0,5.851389114294502e-17,3.0276503540974917,0.0,0.0,9.14279549108516e-19,0.011937548056605614,0.013174080474858097,0.013174080474858095,0.0,9.29054950821931e-07,4.1539477984848053e-13,2.5345044295833546e-19,1.7390239927356948e-25,1.2456774697766612e-31
0,0.0,3.0276503540974917,0.0,0.0,1.828559098217032e-18,0.01286439872454536,0.02286187147502285,0.022861871475022853,0.0,8.241381648338422e-07,2.607347176770643e-13,1.194303945991031e-19,6.484768224807827e-26,3.943086690667747e-32
0,0.0,3.0276503540974917,0.0,0.0,3.657118196434064e-18,0.01102231244313823,0.011713971115142033,0.011713971115142033,0.0,7.373911569402165e-07,1.0932722693643792e-13,2.5209287262349612e-20,6.835444366330148e-27,2.0330217980833573e-33
0,0.0,3.0276503540974917,0.0,0.0,0.0,0.01146082502184783,0.013860579893050878,0.013860579893050878,0.0,2.2900532701025164e-06,3.666442107516422e-12,9.656637855044818e-18,2.784560257464809e-23,8.294399044555004e-29
0,1.1702778228589004e-16,3.0276503540974917,0.0,0.0,1.142849436385645e-19,0.0087236933641112,0.007693257828844326,0.007693257828844327,0.0,1.6380144199944295e-06,2.0011875959597984e-12,2.9898461956366674e-18,4.587583535985665e-24,7.104148442701663e-30
0,0.0,3.0276503540974917,0.0,0.0,2.28569887277129e-19,0.01564148595682555,0.015997697441468207,0.015997697441468207,0.0,2.3043883651906175e-06,2.432275567554998e-12,4.691524002710028e-18,1.0481280433039791e-23,2.4412573062760237e-29
0,0.0,3.0276503540974917,0.0,0.0,4.57139774554258e-19,0.010493683744423313,0.01748154431456646,0.017481544314566465,0.0,1.6908642113241047e-06,2.1910885577906314e-12,5.33405321241749e-18,1.2711265090809613e-23,3.042866577585866e-29
0,0.0,3.0276503540974917,0.0,0.0,9.14279549108516e-19,0.010247494675857357,0.012677589375427085,0.012677589375427085,0.0,9.440993554891702e-07,6.941786928312919e-13,1.2157812295002114e-18,2.0126617601566003e-24,3.2579052017080646e-30
0,0.0,3.0276503540974917,0.0,0.0,1.828559098217032e-18,0.010814854233479314,0.02441660519766022,0.024416605197660222,0.0,6.745366456025603e-07,2.2610643755001577e-13,9.832639071127068e-20,4.7439873393851457e-26,2.5101490097532963e-32
0,0.0,3.0276503540974917,0.0,0.0,3.657118196434064e-18,0.012020890410286627,0.01953968920919912,0.01953968920919912,0.0,5.141453032549719e-07,2.2374448744275632e-13,2.224692987382994e-19,2.0452781341959165e-25,1.8492373295380098e-31
0,0.0,3.0276503540974917,0.0,0.0,0.0,0.01085815096713077,0.00858172681498579,0.00858172681498579,0.0,1.450748567084258e-06,2.6372317830316356e-12,7.155442181486803e-18,2.0080533672880928e-23,5.706787333670135e-29
0,1.1702778228589004e-16,3.0276503540974917,0.0,0.0,1.142849436385645e-19,0.012793605694096878,0.01738211413666057,0.01738211413666057,0.0,2.1012001339792407e-06,2.465206330363588e-12,6.961045390082222e-18,1.986224434063746e-23,5.669821186791088e-29
0,1.1702778228589004e-16,3.0276503540974917,0.0,0.0,2.28569887277129e-19,0.013454803942284628,0.008723296655997928,0.008723296655997928,0.0,1.8759468231991138e-06,5.176151230349723e-12,2.1358972006129526e-17,8.76926426493475e-23,3.59114412309988e-28
0,0.0,3.0276503540974917,0.0,0.0,4.57139774554258e-19,0.009985319580109302,0.008727867014990265,0.008727867014990266,0.0,1.0783786476967622e-06,8.108246350592825e-13,1.0071824142987167e-18,1.4974803297683473e-24,2.2870651408428533e-30
0,0.0,3.0276503540974917,0.0,0.0,9.14279549108516e-19,0.008497187800626544,0.017164784656093328,0.017164784656093328,0.0,9.737217566584606e-07,6.594304291145282e-13,7.324583664723889e-19,8.770740707575365e-25,1.0827424775339363e-30
0,2.925694557147251e-17,3.0276503540974917,0.0,0.0,1.828559098217032e-18,0.014618429658682807,0.018689813651812798,0.018689813651812798,0.0,6.38238105627902e-07,5.242770329628573e-13,7.166805703908369e-19,9.568413481632907e-25,1.2765475523804323e-30
0,3.657118196434064e-18,3.0276503540974917,0.0,0.0,3.657118196434064e-18,0.010916668030684843,0.019454728267605338,0.019454728267605338,0.0,4.078216237966701e-07,1.8168801327982028e-13,1.2072184774613382e-19,8.304761710101192e-26,5.810323908341009e-32
0,0.0,3.0276503540974917,0.0,0.0,0.0,0.0105751325622691,0.009402158123002675,0.009402158123002675,0.0,1.7169810770939354e-06,2.37255875760855e-12,3.8965024863996955e-18,7.318318202329561e-24,1.4756581549593575e-29
0,1.1702778228589004e-16,3.0276503540974917,0.0,0.0,1.142849436385645e-19,0.013267143585153445,0.01422888299151267,0.01422888299151267,0.0,2.0025332742033664e-06,1.8089903404106122e-12,1.962949593936333e-18,2.6478852822801563e-24,4.0599811680971905e-30
0,0.0,3.0276503540974917,0.0,0.0,2.28569887277129e-19,0.015766411533649455,0.015960105690842136,0.015960105690842136,0.0,2.0562288768259656e-06,2.3437782565004903e-12,3.2855995539667972e-18,4.9171467755693096e-24,7.616283987003298e-30
0,1.1702778228589004e-16,3.0276503540974917,0.0,0.0,4.57139774554258e-19,0.014503772230895913,0.013191775951605984,0.013191775951605984,0.0,1.2706269507689823e-06,1.1122674886527756e-12,1.1480575989963282e-18,1.366586479880059e-24,1.7478184760577124e-30
0,0.0,3.0276503540974917,0.0,0.0,9.14279549108516e-19,0.018385383704707745,0.012387102974927166,0.012387102974927164,0.0,1.2464099793376599e-06,5.634966005924191e-13,4.9657654616646e-19,5.407909018052408e-25,6.1172371809437385e-31
0,0.0,3.0276503540974917,0.0,0.0,1.828559098217032e-18,0.010050327297656498,0.015313014618467244,0.015313014618467244,0.0,6.019976363404471e-07,1.302845304562435e-13,4.716104187105584e-20,2.1678404477805102e-26,1.0724100096714051e-32
0,1.828559098217032e-18,3.0276503540974917,0.0,0.0,3.657118196434064e-18,0.0108077686296504,0.015004137039365277,0.015004137039365277,0.0,2.1289123758262498e-07,6.233719512275038e-14,2.4628319824652962e-20,1.0245636599151596e-26,4.361864643484091e-33
0,0.0,3.0276503540974917,0.0,0.0,0.0,0.01889466284425525,0.008499985602991308,0.008499985602991308,0.0,2.5040905695635203e-06,2.339043069698347e-12,4.566415327243322e-18,1.1277034787136689e-23,2.8501344615795405e-29
0,0.0,3.0276503540974917,0.0,0.0,1.142849436385645e-19,0.011804696193474629,0.010236362592074614,0.010236362592074614,0.0,1.858636384456526e-06,2.0414639206089977e-12,5.108356924266669e-18,1.3403236504994432e-23,3.4955305731669586e-29
0,0.0,3.0276503540974917,0.0,0.0,2.28569887277129e-19,0.01122330935850524,0.012784160433948984,0.012784160433948984,0.0,2.275977356146128e-06,6.850908440912387e-12,2.4404099658825394e-17,9.35472254812019e-23,3.735283000408237e-28
0,0.0,3.0276503540974917,0.0,0.0,4.57139774554258e-19,0.011881203716234611,0.013706341747335475,0.013706341747335475,0.0,2.2328923005152335e-06,9.675295989450472e-12,5.494171406587166e-17,3.08553234666403e-22,1.727293430900569e-27
0,0.0,3.0276503540974917,0.0,0.0,9.14279549108516e-19,0.015237188472058119,0.012311665103777052,0.012311665103777054,0.0,9.038866978158138e-07,4.949582070514885e-13,5.287613857134726e-19,6.095918761690719e-25,7.1268838411077535e-31
0,7.314236392868128e-18,3.0276503540974917,0.0,0.0,1.828559098217032e-18,0.012225032980619987,0.016379910347719698,0.016379910347719698,0.0,6.102134214445887e-07,4.205919526898068e-13,3.601124241402608e-19,3.549738671154351e-25,3.616795322885373e-31
0,0.0,3.0276503540974917,0.0,0.0,3.657118196434064e-18,0.011999628881444364,0.014721122510671446,0.014721122510671446,0.0,4.521474834025854e-07,7.065677965154768e-14,3.245202429330104e-20,1.4364921357300685e-26,6.23260970313367e-33
0,0.0,3.0276503540974917,0.0,0.0,0.0,0.022355826326672185,0.011346280003232175,0.011346280003232177,0.0,3.3661845266332122e-06,1.2220623951970975e-11,5.82819211600434e-17,2.736765725455941e-22,1.2808733908467639e-27
0,0.0,3.0276503540974917,0.0,0.0,1.142849436385645e-19,0.010260374572793588,0.01010003357686968,0.010100033576869678,0.0,1.2598812923397804e-06,2.041041092595348e-12,6.1346239720332534e-18,1.692727400834464e-23,4.583520746678108e-29
0,0.0,3.0276503540974917,0.0,0.0,2.28569887277129e-19,0.019523377729348663,0.01629662396198571,0.01629662396198571,0.0,2.488411450673583e-06,2.8722978431499636e-12,6.3172323909176854e-18,1.6435424537252898e-23,4.4619420975280217e-29
0,0.0,3.0276503540974917,0.0,0.0,4.57139774554258e-19,0.02328115659757036,0.010113197442776879,0.010113197442776879,0.0,2.4404702048124262e-06,2.6861586614643105e-12,6.2952339420308466e-18,1.6797817172983137e-23,4.5431265316662883e-29
0,0.0,3.0276503540974917,0.0,0.0,9.14279549108516e-19,0.015398578764254801,0.01905958051087907,0.019059580510879068,0.0,1.001392977900344e-06,2.594038682356793e-13,1.2618662735546967e-19,7.468048022793645e-26,4.758787139978587e-32
0,0.0,3.0276503540974917,0.0,0.0,1.828559098217032e-18,0.0121064425916445,0.020718276967067368,0.020718276967067368,0.0,4.935571664464413e-07,2.3570223573658586e-13,1.447414877491135e-19,9.280361982388541e-26,6.089971810442516e-32
0,0.0,3.0276503540974917,0.0,0.0,3.657118196434064e-18,0.011561456119323982,0.027405157058337744,0.027405157058337744,0.0,3.723329317720203e-07,1.4212456590333728e-13,9.664494124765354e-20,6.598585586490681e-26,4.474170679071119e-32
0,0.0,3.0276503540974917,0.0,0.0,0.0,0.014382281300453017,0.010242785365913108,0.010242785365913106,0.0,2.1712465263119767e-06,4.918990722707846e-12,1.5477757233613195e-17,5.1853880114294155e-23,1.7864558482216954e-28
0,0.0,3.0276503540974917,0.0,0.0,1.142849436385645e-19,0.00849991542367084,0.014284726452053772,0.014284726452053772,0.0,1.3227896762714862e-06,3.1183492497789977e-12,6.0794672741564225e-18,1.178787803897947e-23,2.3086504773232716e-29
0,0.0,3.0276503540974917,0.0,0.0,2.28569887277129e-19,0.016834757888974212,0.015394272366505382,0.015394272366505382,0.0,2.0387047840830584e-06,1.9912074493624414e-12,3.966501510559957e-18,8.203815592301895e-24,1.7043616153296432e-29
0,0.0,3.0276503540974917,0.0,0.0,4.57139774554258e-19,0.01006884760307912,0.00892144815770627,0.00892144815770627,0.0,9.394925215538107e-07,1.167057906196985e-12,2.585084581365216e-18,5.3831523977521455e-24,1.1052114782889652e-29
0,0.0,3.0276503540974917,0.0,0.0,9.14279549108516e-19,0.012669336869287456,0.01307085278367216,0.013070852783672161,0.0,8.01430334866047e-07,2.2460527318763202e-13,8.739634281149481e-20,3.767299950791895e-26,1.729420372763002e-32
0,3.657118196434064e-18,3.0276503540974917,0.0,0.0,1.828559098217032e-18,0.01083510385625185,0.018714738864578896,0.018714738864578896,0.0,3.5697284377308924e-07,1.0031409872667743e-13,4.611621443987691e-20,2.243717078445981e-26,1.1154048642024438e-32
0,0.0,3.0276503540974917,0.0,0.0,3.657118196434064e-18,0.009555061019282175,0.020453442029505546,0.02045344202950555,0.0,4.3049306730498744e-07,4.741106367509247e-14,9.866368032859217e-21,2.313016082058037e-27,5.55207702298819e-34
