,alpha_dig,ninstance,num_qubits,depth,r,entropy,cross_entropy,cross_entropy_diff,nshots,IPR2,IPR4,IPR6,IPR8,IPR10,puexp,pU
0,1.0,5.5,15.0,5.0,0.0,7.652683767455078,9.526606621125087,1.4476010872740943,5000.0,0.0002609509784893046,6.989049605979566e-10,9.580289191247942e-15,2.5984151029249743e-19,8.800015248500125e-24,,
0,0.9643991635522495,5.5,15.0,5.0,0.0005000000000000001,7.656787360760262,9.549290388818154,1.4249173195810274,5000.0,0.00025268864949457617,6.732198728696175e-10,9.050465200114358e-15,2.0390563579709465e-19,5.297594554335615e-24,,
0,0.9300657466602786,5.5,15.0,5.0,0.0010000000000000002,7.6532603863855,9.571806674286417,1.4024010341127637,5000.0,0.00024907825236138034,6.03662693964126e-10,6.103728028503651e-15,1.1015814571953927e-19,2.5813380407538728e-24,,
0,0.8650222931107413,5.5,15.0,5.0,0.0020000000000000005,7.647230762846495,9.618553660283865,1.3556540481153139,5000.0,0.00024211869441523128,5.500786456150039e-10,5.270503921699135e-15,9.736575912350707e-20,2.384583015012647e-24,,
0,0.6959343136786419,5.5,15.0,5.0,0.004999999999999999,7.663426143957819,9.735972869234228,1.2382348391649523,5000.0,0.00020948539192242247,4.196742164539484e-10,3.5262904324666354e-15,4.7921088626521406e-20,7.8713120068537785e-25,,
0,0.4843245689553625,5.5,15.0,5.0,0.009999999999999998,7.667407404890911,9.906796971029184,1.067410737369997,5000.0,0.0001724568391851733,2.0652140379795704e-10,7.536486077925151e-16,4.095312561644685e-21,2.6954962362976526e-26,,
0,0.2345702880937976,5.5,15.0,5.0,0.019999999999999997,7.6666821380887455,10.221993977476123,0.752213730923056,5000.0,0.00012563898043488618,1.3195328119634207e-10,5.03252828520781e-16,2.957009773330485e-21,2.0956184950412852e-26,,
0,1.0,5.5,15.0,6.0,0.0,7.720987782762805,9.78669249682201,1.1875152115771699,5000.0,0.0001482746402918515,2.622765473327897e-10,1.9017356349773877e-15,2.133766152144295e-20,2.9192117876659595e-25,,
0,0.960309164511413,5.5,15.0,6.0,0.0005000000000000001,7.735152648059149,9.807979266803116,1.1662284415960635,5000.0,0.000136393968407712,2.2055673288030364e-10,2.1221955482131844e-15,3.3395032599957575e-20,6.001801386155356e-25,,
0,0.922193691444608,5.5,15.0,6.0,0.0010000000000000002,7.728046645298529,9.830525653527346,1.1436820548718327,5000.0,0.00013753484472533702,1.901422781244897e-10,1.0713073730118932e-15,9.523075377599175e-21,1.0297108413509594e-25,,
0,0.850441204540233,5.5,15.0,6.0,0.0020000000000000005,7.723938727291076,9.875967368685872,1.0982403397133067,5000.0,0.0001314890749696452,1.7334761566688242e-10,9.163121004052167e-16,7.352865979384642e-21,6.994078337562277e-26,,
0,0.6669768108584744,5.5,15.0,6.0,0.004999999999999999,7.738180912986223,10.000537332020752,0.9736703763784271,5000.0,0.00011109203520419733,1.283204694131169e-10,7.015995324030929e-16,5.636394870843143e-21,4.991499898269271e-26,,
0,0.44485806622294105,5.5,15.0,6.0,0.009999999999999998,7.744644270672147,10.167842496565115,0.8063652118340665,5000.0,8.973175234803905e-05,7.6580395491194e-11,3.159901548916353e-16,2.1535618522418565e-21,1.7643311253907832e-26,,
0,0.19789869908361465,5.5,15.0,6.0,0.019999999999999997,7.757054292223211,10.432418213527928,0.5417894948712517,5000.0,6.137215177988378e-05,2.9621706223846854e-11,7.109937120574196e-17,2.964915219865033e-22,1.5129226497186364e-27,,
0,1.0,5.5,15.0,7.0,0.0,7.772898555102195,9.830617188101991,1.1435905202971883,5000.0,0.00011531646947237294,8.960971061311551e-11,2.1446888140258507e-16,7.487932296268767e-22,3.1146963304350826e-27,,
0,0.9562365110809694,5.5,15.0,7.0,0.0005000000000000001,7.765144297390283,9.851803291062478,1.1224044173367012,5000.0,0.00011637584431384422,1.1381434922113247e-10,4.50736666570952e-16,3.1344873487388457e-21,2.7817875356624655e-26,,
0,0.9143882651243047,5.5,15.0,7.0,0.0010000000000000002,7.769688684419606,9.881597957472657,1.092609750926523,5000.0,0.00011351642809761461,1.3737271502164986e-10,7.319510879275441e-16,5.903170840063882e-21,5.497938205330262e-26,,
0,0.8361058993970355,5.5,15.0,7.0,0.0020000000000000005,7.781318379341191,9.934010339510875,1.0401973688883042,5000.0,0.00010068564240044091,6.515772895688927e-11,1.3249912256438704e-16,4.032679900546965e-22,1.4944881124319307e-27,,
0,0.6392242162503299,5.5,15.0,7.0,0.004999999999999999,7.7772896926082895,10.06667790156405,0.9075298068351284,5000.0,8.88099272853104e-05,6.524154189465963e-11,2.1444036204866681e-16,1.141804793139032e-21,7.2701635351383e-27,,
0,0.4086075986408485,5.5,15.0,7.0,0.009999999999999998,7.783049328676867,10.23950796001555,0.7346997483836292,5000.0,7.136272675325325e-05,3.678175419593339e-11,6.846278759375173e-17,1.9876670071580406e-22,7.111406613404365e-28,,
0,0.1669601696670407,5.5,15.0,7.0,0.019999999999999997,7.794477624076679,10.519871193685226,0.45433651471395164,5000.0,4.6342898524992296e-05,1.2110558460121426e-11,1.140015566129597e-17,1.768863646885317e-23,3.512489531481137e-29,,
0,1.0,5.5,15.0,8.0,0.0,7.880867858264168,9.894925781516651,1.0792819268825276,5000.0,7.691059425865915e-05,4.4873123147661694e-11,1.20096357949714e-16,4.750198778307209e-22,2.163447964468832e-27,,
0,0.952181129698505,5.5,15.0,8.0,0.0005000000000000001,7.882591051219111,9.92935836691776,1.044849341481419,5000.0,7.292675061897396e-05,3.4227558118804694e-11,7.286376844241673e-17,2.5134741727254524e-22,1.0500960854646966e-27,,
0,0.9066489037539208,5.5,15.0,8.0,0.0010000000000000002,7.885192453751548,9.950740781462313,1.0234669269368668,5000.0,7.185214276128309e-05,4.607232968870525e-11,2.1200133446458265e-16,1.6136903733840054e-21,1.401802022605124e-26,,
0,0.8220122346781865,5.5,15.0,8.0,0.0020000000000000005,7.881185781001676,10.011708496880681,0.9624992115184983,5000.0,6.624059948649976e-05,3.098640303563349e-11,9.380228648446884e-17,4.888638762653007e-22,2.986963382121584e-27,,
0,0.6126263941844161,5.5,15.0,8.0,0.004999999999999999,7.884495976365815,10.159466114810561,0.8147415935886178,5000.0,5.643080654672447e-05,2.735093406827258e-11,9.113330005020563e-17,4.876819520412806e-22,2.9925361124153897e-27,,
0,0.37531109885139957,5.5,15.0,8.0,0.009999999999999998,7.8807199334134825,10.345472656386521,0.6287350520126571,5000.0,4.4942580848642314e-05,1.1807999845673675e-11,1.4457423944435016e-17,2.828435476130717e-23,6.600590948645963e-29,,
0,0.140858420921045,5.5,15.0,8.0,0.019999999999999997,7.8761548716775795,10.599317432511945,0.37489027588723295,5000.0,3.1277139435286483e-05,5.866451284938534e-12,5.990652270199513e-18,1.0203618816806863e-23,2.0652275531893234e-29,,
0,1.0,5.5,15.0,9.0,0.0,7.923740431897711,9.925913061452922,1.0482946469462564,5000.0,6.365879731898077e-05,2.6114016575816428e-11,5.898453468334242e-17,2.313541531401782e-22,1.1150057015681598e-27,,
0,0.9481429471135833,5.5,15.0,9.0,0.0005000000000000001,7.933964678727806,9.955697567245737,1.0185101411534416,5000.0,6.028380888589004e-05,1.9207212786915167e-11,2.6020417591062267e-17,5.624869765684088e-23,1.492552377330794e-28,,
0,0.8989750481612313,5.5,15.0,9.0,0.0010000000000000002,7.917380587619287,9.98151692793083,0.9926907804683485,5000.0,6.109476674333553e-05,2.227658459588075e-11,4.189201903431656e-17,1.3042777224036903e-22,4.734256918403057e-28,,
0,0.8081561372164885,5.5,15.0,9.0,0.0020000000000000005,7.918360844855236,10.04193311286106,0.93227459553812,5000.0,5.6437228944297584e-05,1.7692751765102237e-11,2.8857810930267706e-17,8.025227072223514e-23,2.6593786081834346e-28,,
0,0.5871352951128216,5.5,15.0,9.0,0.004999999999999999,7.915745698348891,10.206027253721228,0.7681804546779508,5000.0,4.683730406637876e-05,1.2734795045153786e-11,2.1995410821939914e-17,6.814892620661814e-23,2.4563359330701874e-28,,
0,0.34472785476722023,5.5,15.0,9.0,0.009999999999999998,7.908299459127288,10.4085816853983,0.5656260230008796,5000.0,3.697188527688122e-05,9.258618845261979e-12,2.5538767917173576e-17,1.3986558220376661e-22,8.396829171248162e-28,,
0,0.11883729385240964,5.5,15.0,9.0,0.019999999999999997,7.91327405442065,10.662012662362873,0.3121950460363063,5000.0,2.4951658521939407e-05,2.858572921103102e-12,1.6120186098164651e-18,1.582039810301898e-24,1.9276623209619657e-30,,
0,1.0,5.5,15.0,10.0,0.0,7.899799342567744,9.929441883324083,1.0447658250750966,5000.0,6.910758799793604e-05,3.536662482465689e-11,8.368877502129495e-17,3.176216955336425e-22,1.4540514687145148e-27,,
0,0.944121890386422,5.5,15.0,10.0,0.0005000000000000001,7.890836982184479,9.961782557461659,1.012425150937522,5000.0,6.803593458790452e-05,3.0938222926849524e-11,5.600032574948056e-17,1.5778625953380688e-22,5.2728904493431055e-28,,
0,0.8913661439068313,5.5,15.0,10.0,0.0010000000000000002,7.894966699396252,10.005593638000196,0.9686140703989834,5000.0,6.342506832298916e-05,2.4623933470163887e-11,3.8178153517996585e-17,9.418699837452688e-23,2.8187175410950935e-28,,
0,0.794533602503334,5.5,15.0,10.0,0.0020000000000000005,7.884529084253363,10.065139637645578,0.909068070753602,5000.0,6.263955349827e-05,3.596728188399492e-11,1.0713077385090492e-16,4.869112665510559e-22,2.5141376102474943e-27,,
0,0.5627048688069556,5.5,15.0,10.0,0.004999999999999999,7.886367331807276,10.245671483449241,0.7285362249499373,5000.0,4.978876902984943e-05,2.1398998651561e-11,5.886394195973624e-17,2.7677942773355404e-22,1.4968536947357575e-27,,
0,0.31663676937905316,5.5,15.0,10.0,0.009999999999999998,7.896195880154328,10.453943950326693,0.5202637580724877,5000.0,3.5895721118669804e-05,8.87321616343831e-12,1.5069560361653997e-17,4.6266664352100265e-23,1.644858074226837e-28,,
0,0.10025884372280372,5.5,15.0,10.0,0.019999999999999997,7.915080210874048,10.706881751343602,0.2673259570555782,5000.0,2.2982065354534455e-05,2.4391063136240726e-12,1.179956742883451e-18,9.18263426217043e-25,8.558991274934702e-31,,
0,1.0,5.5,15.0,11.0,0.0,7.9402198995957445,9.936283641769435,1.0379240666297433,5000.0,5.888525347745709e-05,1.7526920471928733e-11,3.0105131132498865e-17,9.987046036462724e-23,4.079190962890657e-28,,
0,0.9401178868865749,5.5,15.0,11.0,0.0005000000000000001,7.94037936728906,9.976387561963024,0.9978201464361559,5000.0,5.6215422301627386e-05,1.3514033343651047e-11,1.1861128395427931e-17,1.6108838403464487e-23,2.6479822669124975e-29,,
0,0.8838216412440785,5.5,15.0,11.0,0.0010000000000000002,7.944126451225431,10.01452233989922,0.959685368499961,5000.0,5.371284250211624e-05,1.2991678933978321e-11,1.3400220675939365e-17,2.5155739256399114e-23,6.331637833596815e-29,,
0,0.7811406935313766,5.5,15.0,11.0,0.0020000000000000005,7.926156601385449,10.082981083929834,0.8912266244693454,5000.0,5.153476005065293e-05,1.3134642847731443e-11,1.9287447220698162e-17,5.553176384404187e-23,1.932869542962103e-28,,
0,0.5392909811668016,5.5,15.0,11.0,0.004999999999999999,7.934437209362583,10.270238474979141,0.703969233420039,5000.0,4.03022808354075e-05,7.704479838251017e-12,7.912676067097133e-18,1.416627382369627e-23,3.0167755442663993e-29,,
0,0.2908347623678516,5.5,15.0,11.0,0.009999999999999998,7.924626147272572,10.485996496564516,0.48821121183466404,5000.0,3.085470204532257e-05,4.156211897425453e-12,3.538018714986926e-18,6.3991674642389845e-24,1.4680309542043307e-29,,
0,0.08458485900156468,5.5,15.0,11.0,0.019999999999999997,7.9267981446034685,10.758982711520844,0.215224996878335,5000.0,1.9951296953322615e-05,1.3611630424901892e-12,4.3359200406661914e-19,2.6323765646379195e-25,2.072369757405347e-31,,
0,1.0,5.5,15.0,12.0,0.0,7.981433160441481,9.952066772490893,1.0221409359082867,5000.0,4.9945442116139635e-05,7.551848365752743e-12,3.949779922349162e-18,3.565720479955746e-24,4.3017593270518545e-30,,
0,0.9361308642916187,5.5,15.0,12.0,0.0005000000000000001,7.977683311959744,9.992084423396335,0.9821232850028421,5000.0,4.832560972896508e-05,7.542640705748939e-12,5.05293465599084e-18,6.918058963476822e-24,1.3120033112024594e-29,,
0,0.8763409950793732,5.5,15.0,12.0,0.0010000000000000002,7.983609829298703,10.034845685235904,0.939362023163274,5000.0,4.5257391747498777e-05,6.5427768940736035e-12,3.9420002969684715e-18,4.5693730571477684e-24,7.283755869380112e-30,,
0,0.7679735396567062,5.5,15.0,12.0,0.0020000000000000005,7.969106943562257,10.108526214226652,0.8656814941725267,5000.0,4.317373042632838e-05,5.806318495305834e-12,2.7449192931371863e-18,2.132953531331588e-24,2.093828693603399e-30,,
0,0.5168513344916992,5.5,15.0,12.0,0.004999999999999999,7.963617563662392,10.31394473844819,0.6602629699509872,5000.0,3.468730345852257e-05,5.06332320883231e-12,3.791705965976756e-18,4.8148360206846894e-24,7.474776911773873e-30,,
0,0.26713530196585034,5.5,15.0,12.0,0.009999999999999998,7.958173047393861,10.545067528192131,0.4291401802070478,5000.0,2.534877383170896e-05,1.9250635514754857e-12,5.396330829319255e-19,2.4387466541861885e-25,1.3531734717737343e-31,,
0,0.07136126955638607,5.5,15.0,12.0,0.019999999999999997,7.957071091490796,10.796589827208107,0.17761788119107003,5000.0,1.6775333707787472e-05,7.598190683788896e-13,1.555399966208933e-19,6.191206061443963e-26,3.175149963067974e-32,,
0,1.0,5.5,15.0,13.0,0.0,7.973698230551418,9.960084644332152,1.0141230640670253,5000.0,5.137586907946433e-05,1.2923690127112145e-11,1.7488104875183707e-17,4.053856476384411e-23,1.113436369100785e-28,,
0,0.9321607505858507,5.5,15.0,13.0,0.0005000000000000001,7.9775261383827,10.004174233195299,0.9700334752038797,5000.0,4.77935181986404e-05,7.880485859701464e-12,4.853099240398281e-18,4.9692562499721534e-24,6.361679398623606e-30,,
0,0.8689236649327764,5.5,15.0,13.0,0.0010000000000000002,7.964611182372856,10.04296500023027,0.9312427081689088,5000.0,4.7559576143322676e-05,9.519696394788978e-12,8.514909913402356e-18,1.3497489244154462e-23,2.712884377511477e-29,,
0,0.7550283354802081,5.5,15.0,13.0,0.0020000000000000005,7.966766089640638,10.128945088246386,0.8452626201527943,5000.0,4.2834834263365974e-05,6.640080075241132e-12,4.1463678184908456e-18,4.7860319183494785e-24,7.566444256172175e-30,,
0,0.4953453910686223,5.5,15.0,13.0,0.004999999999999999,7.964035756264609,10.343318529744616,0.6308891786545635,5000.0,3.3042370452799045e-05,4.437812869702974e-12,3.0998499179989956e-18,4.2721865554449605e-24,7.607470759718567e-30,,
0,0.2453670564529263,5.5,15.0,13.0,0.009999999999999998,7.958215988328243,10.563935755470123,0.4102719529290564,5000.0,2.4494786719603765e-05,2.096774736425797e-12,8.419144922704855e-19,6.234556021071771e-25,6.119435152660085e-31,,
0,0.06020499239237355,5.5,15.0,13.0,0.019999999999999997,7.963330602988378,10.798377594861611,0.1758301135375678,5000.0,1.6388179237891964e-05,8.338007875238103e-13,2.792124931188499e-19,1.9839930715731579e-25,1.7160566923129764e-31,,
0,1.0,5.5,15.0,14.0,0.0,7.989202831693855,9.962907345662689,1.0113003627364912,5000.0,4.816165951745537e-05,8.981457671191877e-12,8.840929925618088e-18,1.8589839391731768e-23,5.301281660769349e-29,,
0,0.9282074740589833,5.5,15.0,14.0,0.0005000000000000001,7.998158883136068,10.019791076952481,0.9544166314466972,5000.0,4.368845684426566e-05,5.705378075628703e-12,2.9367524922931727e-18,2.7970002649610607e-24,3.5895583813684526e-30,,
0,0.8615691148989584,5.5,15.0,14.0,0.0010000000000000002,7.98348416582288,10.059532994058776,0.9146747143404017,5000.0,4.392434139639384e-05,8.281258893614376e-12,7.808268040418899e-18,1.2410168097950359e-23,2.390651513978023e-29,,
0,0.7423013397477743,5.5,15.0,14.0,0.0020000000000000005,7.9814023430699255,10.155832968527779,0.8183747398714001,5000.0,3.922823361052791e-05,5.207195506383337e-12,2.7357199163302214e-18,2.44752467943569e-24,2.7364748060365023e-30,,
0,0.4747342999399124,5.5,15.0,14.0,0.004999999999999999,7.979517373199679,10.371476439054938,0.6027312693442424,5000.0,2.9636203017931732e-05,2.439770859988635e-12,7.0504993375560285e-19,3.3701417202597994e-25,2.027476639732192e-31,,
0,0.22537265553943872,5.5,15.0,14.0,0.009999999999999998,7.972157847877284,10.598436921330961,0.3757707870682191,5000.0,2.1849446740177383e-05,1.2834167427607767e-12,3.1291790406077637e-19,1.5011708810570483e-25,9.865314118104637e-32,,
0,0.0507928338648985,5.5,15.0,14.0,0.019999999999999997,7.976366979142439,10.836770336233986,0.13743737216519386,5000.0,1.4510887984196148e-05,5.718829005608796e-13,1.1259231381525957e-19,4.648007102213648e-26,2.6007973201899294e-32,,
0,1.0,5.5,15.0,15.0,0.0,7.998033560060321,9.966180627576396,1.0080270808227847,5000.0,4.695355233917826e-05,6.873842693300388e-12,3.713366089722092e-18,3.346832381129115e-24,3.798527638982511e-30,,
0,0.9242709633048524,5.5,15.0,15.0,0.0005000000000000001,7.991314878771346,10.014941863357842,0.9592658450413374,5000.0,4.4865189948941075e-05,6.0261971462864626e-12,3.1901889925577034e-18,3.1491838825072196e-24,4.078830193788036e-30,,
0,0.8542768136084795,5.5,15.0,15.0,0.0010000000000000002,7.986078179482324,10.063291957793856,0.9109157506053231,5000.0,4.3417108948977994e-05,6.046697905298489e-12,2.9621634111394124e-18,2.2907994091112176e-24,2.1815502257778666e-30,,
0,0.7297888742690567,5.5,15.0,15.0,0.0020000000000000005,7.975586182498434,10.149095312238433,0.8251123961607462,5000.0,4.015175275502237e-05,5.2021583557651475e-12,2.4461654585527458e-18,1.91646148288742e-24,1.9135349962773498e-30,,
0,0.4549808267181736,5.5,15.0,15.0,0.004999999999999999,7.963099215182256,10.377571107402463,0.5966366009967146,5000.0,3.1165935805874385e-05,3.494438867333581e-12,1.9633556991077017e-18,2.2673905344941636e-24,3.458562045486217e-30,,
0,0.20700755268115265,5.5,15.0,15.0,0.009999999999999998,7.968552823695498,10.616391355311972,0.3578163530872054,5000.0,2.1860006532680915e-05,1.543853653567524e-12,5.542338688138877e-19,3.7412993377518095e-25,3.1763696961897477e-31,,
0,0.042852126867040194,5.5,15.0,15.0,0.019999999999999997,7.96754605488984,10.861051770721584,0.11315593767759555,5000.0,1.4582641627855583e-05,5.615247524401007e-13,9.518503774483743e-20,2.796383611431861e-26,9.844865692402068e-33,,
0,1.0,5.5,15.0,16.0,0.0,8.000538501797838,9.97331863976491,1.00088906863427,5000.0,4.6413889408077444e-05,1.1900157316767866e-11,2.2681818911148865e-17,7.49295652756011e-23,2.8924933595380056e-28,,
0,0.9203511472201246,5.5,15.0,16.0,0.0005000000000000001,7.9990546933017725,10.03012361145142,0.9440840969477599,5000.0,4.328163284569595e-05,8.331472173160233e-12,9.827552626544567e-18,2.077097472770494e-23,5.391229866520596e-29,,
0,0.8470462341893995,5.5,15.0,16.0,0.0010000000000000002,7.9928562331653055,10.083874365233116,0.890333343166062,5000.0,4.156099633511664e-05,8.048128198849999e-12,9.986983761118337e-18,2.248192777599764e-23,6.106593571690933e-29,,
0,0.7174873228544432,5.5,15.0,16.0,0.0020000000000000005,7.994173154059955,10.176687296834363,0.7975204115648168,5000.0,3.714991288616688e-05,5.78271698633399e-12,4.907067464037257e-18,6.981019048914244e-24,1.1640827235373936e-29,,
0,0.4360492863215356,5.5,15.0,16.0,0.004999999999999999,7.985556423358409,10.411393922076005,0.5628137863231736,5000.0,2.8175458905663226e-05,3.042285723519167e-12,2.1095222333378515e-18,3.0112852123830643e-24,5.3812720497454536e-30,,
0,0.1901389801015205,5.5,15.0,16.0,0.009999999999999998,7.980603183138115,10.649015043451572,0.32519266494760773,5000.0,1.9930310302897595e-05,1.1680747291297557e-12,2.9982386036755555e-19,1.2611028280361839e-25,6.277153912696056e-32,,
0,0.03615283175404642,5.5,15.0,16.0,0.019999999999999997,7.984802603160577,10.871313297593447,0.10289441080573311,5000.0,1.3456350022139095e-05,5.541445160701136e-13,2.1320209361633795e-19,1.896364595715387e-25,2.0162400429339014e-31,,
0,1.0,5.5,15.0,17.0,0.0,7.994745689891801,9.964706354134263,1.009501354264916,5000.0,4.765015224959763e-05,8.958746395443919e-12,7.935089373113543e-18,1.2647921335115735e-23,2.558406002173709e-29,,
0,0.9164479550030163,5.5,15.0,17.0,0.0005000000000000001,7.987083843776885,10.017064022165192,0.9571436862339855,5000.0,4.6037779617682105e-05,8.090907411046777e-12,5.994476783899188e-18,7.335030212903629e-24,1.0794971727997404e-29,,
0,0.8398768542292105,5.5,15.0,17.0,0.0010000000000000002,7.9861301610993065,10.074416560802414,0.8997911475967649,5000.0,4.297495839851895e-05,7.402309335714387e-12,7.0389737911399e-18,1.2717622738441542e-23,2.824235923879671e-29,,
0,0.7053931302699542,5.5,15.0,17.0,0.0020000000000000005,7.978218364671467,10.179009908991778,0.7951977994073998,5000.0,3.860519635535984e-05,5.645470278350471e-12,3.44036347188313e-18,3.4635570914179896e-24,4.25412542954833e-30,,
0,0.41790547850777315,5.5,15.0,17.0,0.004999999999999999,7.972392942086431,10.421335880109035,0.5528718282901458,5000.0,2.8932634861929297e-05,2.8572025321608543e-12,1.1382033202928236e-18,7.098247781468829e-25,5.18404252135287e-31,,
0,0.17464498896681085,5.5,15.0,17.0,0.009999999999999998,7.969535808360187,10.670557676297479,0.30365003210170016,5000.0,1.9979355406437393e-05,1.2213009092110038e-12,3.2542274193393243e-19,1.4661201508830132e-25,8.137504356930005e-32,,
0,0.030500872171217486,5.5,15.0,17.0,0.019999999999999997,7.971648573802935,10.898417746501556,0.07578996189762215,5000.0,1.3481402436695905e-05,4.4554185681809895e-13,5.940095739056636e-20,1.3835260136030697e-26,4.029336061065165e-33,,
0,1.0,5.5,15.0,18.0,0.0,7.998193057150507,9.976389194174224,0.9978185142249553,5000.0,4.548606583758831e-05,6.089201640796144e-12,2.8956172956650457e-18,2.2836848827271217e-24,2.262696277162154e-30,,
0,0.9125613161520112,5.5,15.0,18.0,0.0005000000000000001,7.994081849021701,10.036414738017365,0.9377929703818154,5000.0,4.3387817749062655e-05,6.858750116671164e-12,5.6441651035643426e-18,9.413173253885691e-24,2.0167821080791835e-29,,
0,0.8327681557370908,5.5,15.0,18.0,0.0010000000000000002,7.991294194280182,10.087828230052015,0.8863794783471655,5000.0,4.150842162196593e-05,6.770406170482483e-12,5.139145464934942e-18,6.483654610003821e-24,9.845009001630663e-30,,
0,0.6935028012097558,5.5,15.0,18.0,0.0020000000000000005,7.979731109136081,10.195388317285744,0.7788193911134371,5000.0,3.724141456557732e-05,5.112124722926319e-12,4.856994998132136e-18,1.1310497343692608e-23,3.322519854129073e-29,,
0,0.40051662609081873,5.5,15.0,18.0,0.004999999999999999,7.986454186046293,10.438108966563696,0.5360987418354834,5000.0,2.6605525793408822e-05,1.9810264286285873e-12,5.522755200242483e-19,2.5101909191374967e-25,1.3930690960497677e-31,,
0,0.16041356777517274,5.5,15.0,18.0,0.009999999999999998,7.977135946259563,10.692254258415272,0.28195344998390903,5000.0,1.863157926308539e-05,8.809742178901168e-13,1.6054045840739325e-19,5.301438530592235e-26,2.3351067523438235e-32,,
0,0.02573251272635994,5.5,15.0,18.0,0.019999999999999997,7.983352919775022,10.893366418265874,0.08084129013330585,5000.0,1.2924813971608355e-05,3.4934951166703346e-13,3.3963406554017923e-20,5.90001551568957e-27,1.3203406895708865e-33,,
0,1.0,5.5,15.0,19.0,0.0,7.988262049094106,9.970200458585358,1.0040072498138213,5000.0,4.767593226768242e-05,9.20113334737609e-12,9.547789871903384e-18,1.881900072184991e-23,4.595620803945268e-29,,
0,0.9086911604645899,5.5,15.0,19.0,0.0005000000000000001,7.987950412135504,10.028087151022449,0.9461205573767305,5000.0,4.4985030691634066e-05,7.883713599851808e-12,5.708776182012264e-18,6.5118572903442634e-24,8.737158680548889e-30,,
0,0.8257196251064828,5.5,15.0,19.0,0.0010000000000000002,7.986256498199675,10.102645270605981,0.871562437793199,5000.0,4.134407716831948e-05,6.7464199107199495e-12,5.461778124538704e-18,7.973154756799189e-24,1.453842014913319e-29,,
0,0.6818128992859905,5.5,15.0,19.0,0.0020000000000000005,7.9811435648568105,10.20370469670781,0.7705030116913699,5000.0,3.748100832685855e-05,6.1972834550355436e-12,5.58579019405977e-18,9.034259104610611e-24,1.7889247743696836e-29,,
0,0.38385131572805886,5.5,15.0,19.0,0.004999999999999999,7.976212246203801,10.460380563695505,0.5138271447036722,5000.0,2.6772088837112573e-05,2.2004466450011954e-12,9.170646038923348e-19,8.7849449510388e-25,1.1731191561286073e-30,,
0,0.14734183258616193,5.5,15.0,19.0,0.009999999999999998,7.973157606909496,10.707617528951157,0.266590179448022,5000.0,1.8484748829611584e-05,8.677950274994725e-13,1.4958815216981171e-19,4.4272004485601694e-26,1.7160849397654304e-32,,
0,0.02170961562984857,5.5,15.0,19.0,0.019999999999999997,7.980233450663391,10.92168494068913,0.052522767710049933,5000.0,1.2600888840904834e-05,4.1411007864767453e-13,1.0592980811779347e-19,7.143118619176258e-26,6.013125979277301e-32,,
0,1.0,5.5,15.0,20.0,0.0,8.012491060312964,9.970893747720542,1.003313960678637,5000.0,4.4431582928732433e-05,6.874364444157479e-12,6.330559499147431e-18,1.1835901679831237e-23,2.742864747896087e-29,,
0,0.9048374180359596,5.5,15.0,20.0,0.0005000000000000001,8.000142743454482,10.037068640505957,0.9371390678932215,5000.0,4.283451552423063e-05,7.2713689481767596e-12,7.125571704260601e-18,1.3222486755020771e-23,3.006209593128919e-29,,
0,0.8187307530779819,5.5,15.0,20.0,0.0010000000000000002,7.993033586971937,10.103317446641764,0.8708902617574161,5000.0,4.040036851857324e-05,7.456360463919285e-12,1.1856394514365682e-17,3.748585434160315e-23,1.3755732054300495e-28,,
0,0.6703200460356393,5.5,15.0,20.0,0.0020000000000000005,7.998383384725007,10.224252411582565,0.7499552968166154,5000.0,3.3968516893302626e-05,3.3710644700787662e-12,1.4127871896057859e-18,1.1154663096571894e-24,1.1884553829219254e-30,,
0,0.36787944117144233,5.5,15.0,20.0,0.004999999999999999,7.988567772452212,10.47267188332068,0.5015358250784983,5000.0,2.527970579201364e-05,1.998278515515901e-12,8.336278253832606e-19,6.7111446784978015e-25,6.760712733944098e-31,,
0,0.13533528323661273,5.5,15.0,20.0,0.009999999999999998,7.980567767321155,10.72902982638786,0.2451778820113187,5000.0,1.750609904844808e-05,1.0195253351536076e-12,4.354409250278786e-19,4.0177081360355596e-25,4.627312519652671e-31,,
0,0.018315638888734175,5.5,15.0,20.0,0.019999999999999997,7.985457094976459,10.924166765081939,0.05004094331724183,5000.0,1.2216340944181444e-05,3.583162798117054e-13,6.660267437625941e-20,3.146355243530728e-26,1.9645089644504122e-32,,
0,1.0,5.5,15.0,25.0,0.0,7.995024500113379,9.976703364757462,0.9975043436417177,5000.0,4.720217537106213e-05,8.523577539403497e-12,5.746514013058255e-18,6.379385923892385e-24,9.15686828237117e-30,,
0,0.8858124787892315,5.5,15.0,25.0,0.0005000000000000001,8.000243775878564,10.060041344366693,0.9141663640324829,5000.0,4.1745042339605076e-05,5.831735856369486e-12,3.1360416715784135e-18,2.8288950469860474e-24,3.2365822464563746e-30,,
0,0.7846637475787225,5.5,15.0,25.0,0.0010000000000000002,7.990713948890499,10.132874067774827,0.8413336406243526,5000.0,3.935429256033338e-05,5.771165124669937e-12,3.5951223987623755e-18,3.758231953659e-24,4.871227465523818e-30,,
0,0.615697196764285,5.5,15.0,25.0,0.0020000000000000005,7.991761560847261,10.269874731184466,0.7043329772147132,5000.0,3.333925785885807e-05,3.654635368411621e-12,1.6668090632113516e-18,1.3252777229634181e-24,1.3308789605090949e-30,,
0,0.2974527173217405,5.5,15.0,25.0,0.004999999999999999,7.973251867971827,10.56581747352344,0.40839023487573856,5000.0,2.2864023624949107e-05,1.5965070925103626e-12,5.354398846713989e-19,3.607076163662769e-25,3.199009635055815e-31,,
0,0.08847811904208727,5.5,15.0,25.0,0.009999999999999998,7.977008217612047,10.80628117555123,0.16792653284794845,5000.0,1.530626340795075e-05,5.720082689005311e-13,8.659696161683038e-20,2.4331587562963335e-26,8.832970923511352e-33,,
0,0.007828377549225768,5.5,15.0,25.0,0.019999999999999997,7.984551840581157,10.946387559166038,0.02782014923314282,5000.0,1.1642677745751934e-05,3.297326607494689e-13,4.6762196441699633e-20,1.2666647986428903e-26,4.1645374994689564e-33,,
0,1.0,5.5,15.0,30.0,0.0,7.99773829283281,9.96837322452029,1.0058344838788904,5000.0,4.6744372567137316e-05,8.328079703645682e-12,6.480995902437967e-18,8.867490740143463e-24,1.5800104390455097e-29,,
0,0.8671875542922549,5.5,15.0,30.0,0.0005000000000000001,7.991644703169148,10.064824607403015,0.909383100996165,5000.0,4.243609800501491e-05,6.295436893877527e-12,4.689802110959551e-18,7.164790318476603e-24,1.463051801146209e-29,,
0,0.7520142543193826,5.5,15.0,30.0,0.0010000000000000002,7.985756982155118,10.153128873587168,0.8210788348120112,5000.0,3.944252223338294e-05,8.33410612093781e-12,1.3112567396405572e-17,3.921960583826118e-23,1.4114127189939871e-28,,
0,0.5655254386995371,5.5,15.0,30.0,0.0020000000000000005,7.990499694224381,10.31327159213125,0.6609361162679303,5000.0,3.16137344755765e-05,6.279544625833045e-12,1.9123473309603473e-17,9.94988195600863e-23,5.490266257732844e-28,,
0,0.24050846320834213,5.5,15.0,30.0,0.004999999999999999,7.9704783393971494,10.629106306411503,0.34510140198767764,5000.0,2.1210870388389155e-05,1.366285981415643e-12,4.726824874042382e-19,3.4177837233875433e-25,3.2407855142581533e-31,,
0,0.05784432087483846,5.5,15.0,30.0,0.009999999999999998,7.977286356058636,10.843120671205432,0.13108703719374776,5000.0,1.4354250833563035e-05,5.629887047788495e-13,1.6464772489270385e-19,1.2431180232243912e-25,1.1831586295449596e-31,,
0,0.003345965457471272,5.5,15.0,30.0,0.019999999999999997,7.986062746424122,10.961869127665578,0.012338580733600325,5000.0,1.126528849163466e-05,2.856514272298491e-13,3.504702869207107e-20,9.320040728297856e-27,3.2820535488981645e-33,,
0,1.0,5.5,15.0,35.0,0.0,7.996225696282909,9.966646289392703,1.0075614190064783,5000.0,4.739060561424313e-05,1.4002873259883124e-11,3.175997543521554e-17,1.1674290955657924e-22,4.867469456391983e-28,,
0,0.8489542339110754,5.5,15.0,35.0,0.0005000000000000001,7.994885096524423,10.084601185644484,0.8896065227546961,5000.0,4.1078281891440456e-05,6.287911173916071e-12,5.4976667247861035e-18,9.673161171536761e-24,2.1536255948211102e-29,,
0,0.7207232912755409,5.5,15.0,35.0,0.0010000000000000002,7.986750290227062,10.185820641285426,0.7883870671137536,5000.0,3.7512096904958344e-05,6.089728052487033e-12,5.713146469140496e-18,9.636104877192543e-24,2.0204127766771174e-29,,
0,0.5194420625870482,5.5,15.0,35.0,0.0020000000000000005,7.9853767357661285,10.351967606356999,0.6222401020421794,5000.0,3.0067056822371033e-05,3.716806393697738e-12,3.606677140848363e-18,7.174479069321258e-24,1.7174165817796943e-29,,
0,0.19446559908972355,5.5,15.0,35.0,0.004999999999999999,7.978476670251193,10.679917711675198,0.2942899967239804,5000.0,1.8854744602000977e-05,9.093612023516711e-13,1.7131257475042282e-19,5.871200666388114e-26,2.693902772865683e-32,,
0,0.03781686922932508,5.5,15.0,35.0,0.009999999999999998,7.977508523301336,10.885779884447235,0.08842782395194462,5000.0,1.3372716640115973e-05,5.447213271914065e-13,1.3502515901416606e-19,6.42946617572098e-26,3.7132900685947024e-32,,
0,0.0014301155983078744,5.5,15.0,35.0,0.019999999999999997,7.989127233499151,10.966067310241685,0.008140398157493678,5000.0,1.096711033432238e-05,2.5589851361407647e-13,4.315065934241847e-20,2.2122483219396967e-26,1.4304614188840138e-32,,
0,1.0,5.5,15.0,40.0,0.0,7.995078939817438,9.97721948563008,0.9969882227691,5000.0,4.6381409285177224e-05,9.342045152165837e-12,1.0894486273937537e-17,2.441311132973739e-23,6.954097477691357e-29,,
0,0.8311042838521256,5.5,15.0,40.0,0.0005000000000000001,7.997452676650909,10.104975048658197,0.8692326597409823,5000.0,3.989615905210293e-05,6.654679932695801e-12,6.208446800087277e-18,9.868984023608413e-24,1.8116066495230943e-29,,
0,0.6907343306373547,5.5,15.0,40.0,0.0010000000000000002,7.994795191470433,10.21475700312666,0.7594507052725199,5000.0,3.4973977768924995e-05,4.425331454118636e-12,3.1999115589284516e-18,4.706117602768913e-24,8.692215448224067e-30,,
0,0.4771139155210344,5.5,15.0,40.0,0.0020000000000000005,7.989431435562551,10.38889827230518,0.5853094360939984,5000.0,2.8291793473762502e-05,2.6603985949819236e-12,1.5549658927263699e-18,2.1313296773092417e-24,3.835246668666138e-30,,
0,0.1572371663136276,5.5,15.0,40.0,0.004999999999999999,7.988835210873208,10.715081344569699,0.2591263638294807,5000.0,1.7296229577759498e-05,7.572292520280928e-13,1.3472985741883676e-19,4.119029366372539e-26,1.5562367754328543e-32,,
0,0.024723526470339385,5.5,15.0,40.0,0.009999999999999998,7.991796158389297,10.90026362726142,0.07394408113775963,5000.0,1.2308568215725585e-05,3.365488089288796e-13,4.216822761194487e-20,1.1437822050386795e-26,4.378741476813075e-33,,
0,0.0006112527611295723,5.5,15.0,40.0,0.019999999999999997,7.998418067248186,10.965555954350956,0.00865175404822427,5000.0,1.0670306884658378e-05,2.1613789387086858e-13,1.6626446821872293e-20,2.4450782433149122e-27,4.621438169327578e-34,,
