,alpha_dig,ninstance,num_qubits,depth,r,entropy,cross_entropy,cross_entropy_diff,nshots,IPR2,IPR4,IPR6,IPR8,IPR10,puexp,pU
0,1.0,2.0,15.0,5.0,0.0,9.523292467851434,0.009527231670562252,1.4469760378369272,1000.0,1.4724491761447975e-11,1.8594476491072373e-22,4.846606568424251e-33,1.3659496638920302e-43,3.9063160046585363e-54,,
0,0.9643991635522495,2.0,15.0,5.0,0.0005,9.523292467851434,0.009540016166305601,1.4341915420935785,1000.0,9.644183080622476e-12,1.7973092953633987e-23,7.632259386315724e-35,3.7992804458532555e-46,1.9712249767634395e-57,,
0,0.9300657466602786,2.0,15.0,5.0,0.001,9.523292467851434,0.009562020583102827,1.4121871252963518,1000.0,1.3032736824034901e-11,1.7065454621649692e-22,4.74450336329053e-33,1.3593270160480411e-43,3.9020093735445954e-54,,
0,0.8650222931107413,2.0,15.0,5.0,0.002,9.523292467851434,0.009606954723136742,1.367252985262437,1000.0,1.646175773881529e-11,1.3118752890430004e-22,2.2610364727286248e-33,4.6172015380524105e-44,9.879735937794457e-55,,
0,0.695934313678642,2.0,15.0,5.0,0.005,9.523292467851434,0.009740436730860568,1.2337709775386112,1000.0,6.063311487218944e-12,8.391934615320306e-24,2.618153015880887e-35,9.56841322600002e-47,3.684843936579484e-58,,
0,0.48432456895536247,3.75,15.0,5.0,0.01,9.523292467851434,0.009823857940661453,1.1503497677377272,1000.0,4.664767735496379e-12,4.8298200059643525e-24,2.2524641349050554e-35,1.800576824652162e-46,1.6081210931735474e-57,,
0,0.23457028809379765,2.0,15.0,5.0,0.02,9.523292467851434,0.010220817444642198,0.7533902637569809,1000.0,9.022424430213716e-12,1.6679072868141873e-22,4.735690480080638e-33,1.3590594418565538e-43,3.901921704401336e-54,,
0,1.0,2.0,15.0,6.0,0.0,9.785504791747506,0.009767628410974975,1.206579297424204,1000.0,3.262774603996753e-12,1.990609106275572e-24,2.769630827521461e-36,4.547605218055054e-48,7.925182876357636e-60,,
0,0.960309164511413,2.0,15.0,6.0,0.0005,9.785504791747506,0.0097910147893924,1.1831929190067794,1000.0,4.40271414035169e-12,7.845883867584625e-24,3.0191883255952364e-35,1.3765286681775212e-46,6.679087534811975e-58,,
0,0.922193691444608,2.0,15.0,6.0,0.001,9.785504791747506,0.00982493180277375,1.14927590562543,1000.0,3.3951961032462773e-12,2.0155482282833674e-24,2.5182260546570224e-36,3.9554185827450417e-48,7.000188464440635e-60,,
0,0.850441204540233,2.0,15.0,6.0,0.002,9.785504791747506,0.009872471484798579,1.1017362236006008,1000.0,5.569704022853477e-12,2.317172661415234e-23,2.1018430267481307e-34,2.082764345050873e-45,2.093699430245051e-56,,
0,0.6669768108584744,2.0,15.0,6.0,0.005,9.785504791747506,0.009998546201075594,0.9756615073235857,1000.0,2.6052451744495304e-12,3.2278916342256292e-24,1.0813925005785641e-35,3.9867835602287637e-47,1.4901482994234485e-58,,
0,0.44485806622294105,3.75,15.0,6.0,0.01,9.785504791747506,0.01019172616040257,0.7824815479966075,1000.0,1.5562825374011262e-12,2.753548200347439e-25,4.347644370758835e-37,1.0306065982223898e-48,2.561262852346913e-60,,
0,0.19789869908361465,2.0,15.0,6.0,0.02,9.785504791747506,0.010419296515720515,0.5549111926786641,1000.0,1.2698997154154462e-12,9.497232650539165e-25,1.655436590271302e-36,3.1971397130653096e-48,6.315049951024533e-60,,
0,1.0,2.0,15.0,7.0,0.0,9.830605351428753,0.009815930391423113,1.1582773169760663,1000.0,6.922752933839294e-12,1.2085825532384227e-22,2.9460882322657797e-33,7.220396376179722e-44,1.7698684061110585e-54,,
0,0.9562365110809692,2.0,15.0,7.0,0.0005,9.830605351428753,0.009852535214955424,1.1216724934437565,1000.0,3.1212720891797696e-12,1.2399524280611914e-23,9.348372303651598e-35,7.237683141529675e-46,5.612688635059231e-57,,
0,0.9143882651243047,2.0,15.0,7.0,0.001,9.830605351428753,0.009878895614370923,1.095312094028257,1000.0,1.697457981490641e-12,4.612258861440169e-25,2.8068985821784683e-37,2.1133071649844384e-49,1.7485254864647762e-61,,
0,0.8361058993970355,2.0,15.0,7.0,0.002,9.830605351428753,0.009925563045729825,1.048644662669353,1000.0,1.6497361354686048e-12,3.9915448633799733e-25,1.9184548212466125e-37,1.0742541120050572e-49,6.500143061877578e-62,,
0,0.6392242162503299,2.0,15.0,7.0,0.005,9.830605351428753,0.01009054994078427,0.883657767614908,1000.0,2.0592946804556722e-12,1.3379965592104062e-24,1.6937969060009733e-36,2.410100392745319e-48,3.5598206712951795e-60,,
0,0.4086075986408485,3.75,15.0,7.0,0.01,9.830605351428753,0.010271188515518793,0.7030191928803854,1000.0,1.3802395691252574e-12,1.1945133153436207e-25,2.2822404105090597e-38,5.336109252494812e-51,1.3452435517192196e-63,,
0,0.1669601696670407,2.0,15.0,7.0,0.02,9.830605351428753,0.010539582304305925,0.43462540409325323,1000.0,5.664315904447841e-13,3.497963265149813e-26,5.0567537858437736e-39,9.293302967949287e-52,1.860637011306259e-64,,
0,1.0,2.0,15.0,8.0,0.0,9.894125494827385,0.009887507106631704,1.0867006017674772,1000.0,8.80766453132713e-13,1.3921592071697864e-25,6.678252742796001e-38,3.9991534066095087e-50,2.5449517036711653e-62,,
0,0.952181129698505,2.0,15.0,8.0,0.0005,9.894125494827385,0.009931854440914909,1.0423532674842702,1000.0,5.486166311407932e-13,2.5182973581443844e-26,3.711814332252618e-39,8.032696512561065e-52,1.9285955499881188e-64,,
0,0.9066489037539209,2.0,15.0,8.0,0.001,9.894125494827385,0.009938767674263492,1.0354400341356869,1000.0,1.6318418390315537e-12,1.4777544402307222e-24,2.3149751901477103e-36,4.114723957991815e-48,7.814644284623495e-60,,
0,0.8220122346781865,2.0,15.0,8.0,0.002,9.894125494827385,0.010011314854196,0.962892854203179,1000.0,1.117811298820955e-12,1.1207294898281779e-24,2.0299948971308467e-36,3.920098120415408e-48,7.79486426228617e-60,,
0,0.6126263941844161,2.0,15.0,8.0,0.005,9.894125494827385,0.01016194508569106,0.8122626227081173,1000.0,4.5438753049019435e-13,2.896442549165864e-26,5.10926775703049e-39,1.1113581424617586e-51,2.5562706910483274e-64,,
0,0.37531109885139957,3.75,15.0,8.0,0.01,9.894125494827385,0.010322806848734255,0.651400859664924,1000.0,8.391408072627095e-13,1.6235548223537086e-25,6.052210712329241e-38,2.4256835432943044e-50,9.840355715633587e-63,,
0,0.140858420921045,2.0,15.0,8.0,0.02,9.894125494827385,0.010604433259038903,0.3697744493602773,1000.0,3.29690952874471e-13,9.170741591292122e-26,5.754508033481368e-38,3.774756140984734e-50,2.48629616670867e-62,,
0,1.0,2.0,15.0,9.0,0.0,9.923346189626665,0.009927357718008605,1.0468499903905735,1000.0,5.236466153045531e-13,6.14494703473025e-26,2.140864181449075e-38,9.096291558749686e-51,4.067084537369769e-63,,
0,0.9481429471135833,2.0,15.0,9.0,0.0005,9.923346189626665,0.009946707665179345,1.0275000432198333,1000.0,5.807250499970874e-13,6.062434403960581e-26,1.4350517707423993e-38,3.977753621672296e-51,1.1692607080375665e-63,,
0,0.8989750481612313,2.0,15.0,9.0,0.001,9.923346189626665,0.009984206115648554,0.9900015927506246,1000.0,3.9772179959604897e-13,1.9356527790380767e-26,2.4056201764532136e-39,3.653632110667241e-52,6.021401385316549e-65,,
0,0.8081561372164885,2.0,15.0,9.0,0.002,9.923346189626665,0.010053022750862065,0.9211849575371133,1000.0,5.103396408811203e-13,1.3918526445512177e-25,1.0222519354816222e-37,8.065045972799325e-50,6.4157797762751906e-62,,
0,0.5871352951128217,2.0,15.0,9.0,0.005,9.923346189626665,0.010199371507478565,0.7748362009206151,1000.0,3.6536855120649655e-13,1.4775228742898708e-26,1.5303110378675763e-39,2.045396836984939e-52,3.029821799591869e-65,,
0,0.3447278547672202,3.75,15.0,9.0,0.01,9.923346189626665,0.010410780652677464,0.5634270557217154,1000.0,6.760060526485001e-13,1.5932716154075183e-25,2.49913586005936e-37,5.210480785033247e-49,1.1100057047922683e-60,,
0,0.11883729385240964,2.0,15.0,9.0,0.02,9.923346189626665,0.01072668335794814,0.24752435045103843,1000.0,1.8552004915216535e-13,4.237331014194786e-26,1.9197493177789164e-38,8.786768015715814e-51,4.0227604073130316e-63,,
0,1.0,2.0,15.0,10.0,0.0,9.92757985875489,0.009925536078000188,1.0486716303989916,1000.0,8.573767945827074e-13,2.930172500263316e-25,2.09923236225773e-37,1.6373056032556429e-49,1.3208735560455348e-61,,
0,0.9441218903864221,2.0,15.0,10.0,0.0005,9.92757985875489,0.009964623658483442,1.009584049915737,1000.0,8.268701396671166e-13,1.05649619227359e-25,2.5167228146355507e-38,6.998025110472013e-51,2.0853873326664398e-63,,
0,0.8913661439068313,2.0,15.0,10.0,0.001,9.92757985875489,0.010015251740927439,0.9589559674717407,1000.0,7.577190980452783e-13,9.456618928033075e-26,2.6984146608612783e-38,9.403303544622269e-51,3.5614045009069135e-63,,
0,0.794533602503334,2.0,15.0,10.0,0.002,9.92757985875489,0.010065372888198225,0.9088348202009531,1000.0,6.328548436715004e-13,1.7622979141500814e-25,1.3646743951422614e-37,1.1689228359456105e-49,1.0169743043831947e-61,,
0,0.5627048688069557,2.0,15.0,10.0,0.005,9.92757985875489,0.010235810012795988,0.7383976956031905,1000.0,1.6483949008754546e-12,4.422904047725245e-24,1.803392892792051e-35,7.756422670661492e-47,3.396041131338008e-58,,
0,0.31663676937905316,3.75,15.0,10.0,0.01,9.92757985875489,0.010422386083126983,0.551821625272194,1000.0,1.006896574303294e-12,1.7014715710545268e-25,5.331089355846806e-38,1.8931910493896303e-50,6.985340345280781e-63,,
0,0.10025884372280372,2.0,15.0,10.0,0.02,9.92757985875489,0.010706858208410708,0.2673494999884717,1000.0,2.179707208998413e-13,1.391592681929633e-26,1.7944820517838084e-39,2.5632637309977988e-52,3.7969484906178193e-65,,
0,1.0,2.0,15.0,11.0,0.0,9.934161028657732,0.00992333601464639,1.0508716937527915,1000.0,4.696175827103829e-13,2.2361699550314732e-26,2.388379261929719e-39,2.9554610254925424e-52,3.827646644455723e-65,,
0,0.9401178868865747,2.0,15.0,11.0,0.0005,9.934161028657732,0.009964734789536434,1.0094729188627447,1000.0,5.816861863186104e-13,1.0797961195341436e-25,4.3418387738618414e-38,2.0138459186288217e-50,9.972046276411044e-63,,
0,0.8838216412440785,2.0,15.0,11.0,0.001,9.934161028657732,0.010024491910789288,0.9497157976098908,1000.0,3.989759554330955e-13,2.831880428446801e-26,4.920528492602336e-39,1.0497531612126175e-51,2.4595123425178653e-64,,
0,0.7811406935313765,2.0,15.0,11.0,0.002,9.934161028657732,0.010078087806418931,0.8961199019802475,1000.0,3.323748661045164e-13,1.5668366077764116e-26,2.0011445682864693e-39,3.1633694446358665e-52,5.428160152128062e-65,,
0,0.5392909811668016,2.0,15.0,11.0,0.005,9.934161028657732,0.010241084549359373,0.7331231590398065,1000.0,4.0040858175612826e-13,3.4073589159320584e-26,7.209435204074856e-39,1.8423827221079447e-51,5.022095138787641e-64,,
0,0.29083476236785155,3.75,15.0,11.0,0.01,9.934161028657732,0.010528807104635694,0.4454006037634846,1000.0,5.138229499416644e-13,2.1729577147885253e-26,2.1417851042535616e-39,3.3898341569562615e-52,7.52600436055964e-65,,
0,0.08458485900156469,2.0,15.0,11.0,0.02,9.934161028657732,0.010757691880747594,0.2165158276515843,1000.0,1.0415710064478183e-13,2.1204566133218625e-27,1.1123636196491723e-40,6.814583878151701e-54,4.319263215038971e-67,,
0,1.0,2.0,15.0,12.0,0.0,9.952747057620964,0.009968864448857227,1.0053432595419536,1000.0,4.807773271916503e-13,1.1426379675695037e-25,6.887681512558363e-38,4.649130192868515e-50,3.204054306792188e-62,,
0,0.9361308642916188,2.0,15.0,12.0,0.0005,9.952747057620964,0.009985491720630912,0.9887159877682692,1000.0,2.8957686112970193e-13,1.0374232322105534e-26,1.0273701148339193e-39,1.2596552191739826e-52,1.6398531212471194e-65,,
0,0.8763409950793732,2.0,15.0,12.0,0.001,9.952747057620964,0.010054142161712982,0.9200655466861963,1000.0,2.4417121592572186e-13,8.560907657353324e-27,7.569567047015727e-40,7.853311782708052e-53,8.596201213872528e-66,,
0,0.7679735396567061,2.0,15.0,12.0,0.002,9.952747057620964,0.010109533483594757,0.8646742248044227,1000.0,2.776070799286292e-13,1.9596369783975454e-26,3.759471322474557e-39,8.358774026260977e-52,1.9636831337428656e-64,,
0,0.5168513344916992,2.0,15.0,12.0,0.005,9.952747057620964,0.010306939779718558,0.6672679286806222,1000.0,2.279331681453997e-13,1.6036883358161184e-26,2.7618603401879384e-39,5.369993451376667e-52,1.101402126465785e-64,,
0,0.26713530196585034,3.75,15.0,12.0,0.01,9.952747057620964,0.010551058307993643,0.4231494004055353,1000.0,3.225313802483993e-13,2.551639199483702e-26,4.051322226789143e-39,6.695162794045512e-52,1.1119513077708671e-64,,
0,0.07136126955638605,2.0,15.0,12.0,0.02,9.952747057620964,0.010800189981037083,0.17401772736209545,1000.0,6.767182045549923e-14,1.0130351899867148e-27,5.240306467312522e-41,3.179010946488321e-54,1.9819473779723703e-67,,
0,1.0,2.0,15.0,13.0,0.0,9.958253627636736,0.009958274576673724,1.0159331317254554,1000.0,4.039212937505115e-13,2.3994227101587394e-26,3.087480611795364e-39,4.7537272643113764e-52,7.878804683128036e-65,,
0,0.9321607505858507,2.0,15.0,13.0,0.0005,9.958253627636736,0.010000223939901104,0.9739837684980752,1000.0,5.639063509624068e-13,1.9654307955592624e-25,1.5989680057322865e-37,1.4209369097220166e-49,1.2888036578322818e-61,,
0,0.8689236649327764,2.0,15.0,13.0,0.001,9.958253627636736,0.010056134047880274,0.9180736605189054,1000.0,4.59745376600407e-13,1.3600914860163622e-25,9.642521555695884e-38,7.392681379569799e-50,5.7407636259666385e-62,,
0,0.755028335480208,2.0,15.0,13.0,0.002,9.958253627636736,0.010119097874660577,0.8551098337386023,1000.0,2.9783019454777735e-13,2.3347072220581115e-26,5.864279691947379e-39,1.7326433496048718e-51,5.250138686069848e-64,,
0,0.4953453910686223,2.0,15.0,13.0,0.005,9.958253627636736,0.010330990149726032,0.6432175586731465,1000.0,1.7154093160653032e-13,4.422697714364914e-27,3.4445240530220956e-40,3.2833166809986823e-53,3.359738145924751e-66,,
0,0.2453670564529263,3.75,15.0,13.0,0.01,9.958253627636736,0.010534113317239377,0.44009439115980165,1000.0,2.563621419989613e-13,4.3200308763052604e-27,1.7524677847997957e-40,8.614467326510731e-54,4.666162408488399e-67,,
0,0.06020499239237355,2.0,15.0,13.0,0.02,9.958253627636736,0.010810825317667732,0.1633823907314486,1000.0,9.626779816804095e-14,6.911544066916334e-27,1.1890413380139683e-39,2.13724208077106e-52,3.860083609452457e-65,,
0,1.0,2.0,15.0,14.0,0.0,9.968356084590567,0.009980766303376524,0.9934414050226554,1000.0,1.942434526228272e-13,3.04489971592945e-27,1.5349770148281713e-40,1.0004472331601485e-53,7.007787825463727e-67,,
0,0.9282074740589834,2.0,15.0,14.0,0.0005,9.968356084590567,0.010017710176919506,0.9564975314796722,1000.0,3.22243617693823e-13,3.68980880735129e-26,1.1058359601473132e-38,3.8134728195250635e-51,1.3704390565216284e-63,,
0,0.8615691148989584,2.0,15.0,14.0,0.001,9.968356084590567,0.010029069545770129,0.9451381626290519,1000.0,2.2807436882212446e-13,7.454125547343885e-27,7.215405431382468e-40,8.553357381487569e-53,1.0947736078792261e-65,,
0,0.7423013397477743,2.0,15.0,14.0,0.002,9.968356084590567,0.010164317960956425,0.8098897474427549,1000.0,1.8574045546527968e-13,7.233954486612635e-27,1.0261010531887005e-39,1.705148078954418e-52,2.8970745568478496e-65,,
0,0.4747342999399124,2.0,15.0,14.0,0.005,9.968356084590567,0.010378986786688785,0.5952209217103939,1000.0,1.3847143030059172e-13,2.6654082044994163e-27,1.271460295957955e-40,7.021752174760772e-54,4.070606613178641e-67,,
0,0.22537265553943872,3.75,15.0,14.0,0.01,9.968356084590567,0.010578924794352157,0.3952829140470229,1000.0,2.0436946553796083e-13,3.666394955388197e-27,1.4222762629172808e-40,6.219769713923136e-54,2.9113920387267062e-67,,
0,0.0507928338648985,2.0,15.0,14.0,0.02,9.968356084590567,0.01084862179314455,0.1255859152546293,1000.0,3.5651817703201276e-14,5.292946581217253e-29,2.0677617310766864e-43,1.2019128265679474e-57,8.385899309328878e-72,,
0,1.0,2.0,15.0,15.0,0.0,9.961764540613151,0.00997942717349021,0.9947805349089667,1000.0,3.386094937767536e-13,4.1406909059664216e-26,1.3466996200259664e-38,5.049034009167446e-51,1.9665291386957897e-63,,
0,0.9242709633048524,2.0,15.0,15.0,0.0005,9.961764540613151,0.010027580933195595,0.9466267752035826,1000.0,1.6822392346356963e-13,2.2612930023134066e-27,9.333464456510442e-41,4.708599109523575e-54,2.537361206587213e-67,,
0,0.8542768136084795,2.0,15.0,15.0,0.001,9.961764540613151,0.010041635706664758,0.9325720017344207,1000.0,2.6680610761321236e-13,1.1667249910757521e-26,1.1137855741852157e-39,1.2071289324343814e-52,1.3787607560956825e-65,,
0,0.7297888742690568,2.0,15.0,15.0,0.002,9.961764540613151,0.01013839511920724,0.8358125891919407,1000.0,2.2956357681188206e-13,9.098962308019169e-27,9.527964779969445e-40,1.1180316377796843e-52,1.3561213501212494e-65,,
0,0.4549808267181735,2.0,15.0,15.0,0.005,9.961764540613151,0.010379117083233639,0.5950906251655403,1000.0,1.398364049315323e-13,4.02203322022217e-27,4.1824841214887295e-40,5.102071693091121e-53,6.389886266699962e-66,,
0,0.20700755268115265,3.75,15.0,15.0,0.01,9.961764540613151,0.01067803565547042,0.2961720529287605,1000.0,3.749478729703676e-13,1.405714725071684e-26,1.0036403182618643e-39,8.340247115458982e-53,7.400506252921462e-66,,
0,0.04285212686704019,2.0,15.0,15.0,0.02,9.961764540613151,0.01086480357599967,0.10940413239950857,1000.0,4.4626458556947463e-14,2.0166994256170064e-28,3.818620545255877e-42,9.398584965260913e-56,2.4190845727265026e-69,,
0,1.0,2.0,15.0,16.0,0.0,9.97353521610521,0.009963320964547486,1.0108867438516917,1000.0,3.182252099612386e-13,3.5217984589779633e-26,8.454049381831063e-39,2.184602386619443e-51,5.7609112014608245e-64,,
0,0.9203511472201246,2.0,15.0,16.0,0.0005,9.97353521610521,0.010036295169378389,0.9379125390207903,1000.0,2.1239281985044817e-13,1.4821114264039342e-26,3.4598963463914755e-39,8.791877142621037e-52,2.2571986329751445e-64,,
0,0.8470462341893995,2.0,15.0,16.0,0.001,9.97353521610521,0.010074565579826774,0.8996421285724043,1000.0,3.4383387819795424e-13,4.7081056532082583e-26,1.2125096923100097e-38,3.264116212887735e-51,8.860456360791051e-64,,
0,0.7174873228544433,2.0,15.0,16.0,0.002,9.97353521610521,0.010187887373335213,0.7863203350639665,1000.0,2.1786122611671502e-13,6.47096926703885e-27,5.495077725995648e-40,5.862476151618258e-53,6.692845759418605e-66,,
0,0.4360492863215356,2.0,15.0,16.0,0.005,9.97353521610521,0.01041539714480062,0.5588105635985581,1000.0,1.60896032801208e-13,8.686644573154533e-27,1.3698576518833765e-39,2.4731769091524587e-52,4.583340862069431e-65,,
0,0.1901389801015205,3.75,15.0,16.0,0.01,9.97353521610521,0.01059678302167102,0.377424686728159,1000.0,3.5538219296846013e-13,5.847611920930324e-26,1.4918514661097428e-38,3.8362657528722534e-51,9.869969091845502e-64,,
0,0.03615283175404641,2.0,15.0,16.0,0.02,9.97353521610521,0.010863452750803911,0.11075495759526817,1000.0,4.204924925305557e-14,2.0266881679158367e-28,2.6948501101824556e-42,4.202566272974387e-56,6.887850305003626e-70,,
0,1.0,2.0,15.0,17.0,0.0,9.964226975218239,0.009966627547653257,1.0075801607459216,1000.0,4.421223764339292e-13,7.930737788290045e-26,3.6149320879620044e-38,1.9288232883786963e-50,1.0625471455316024e-62,,
0,0.9164479550030162,2.0,15.0,17.0,0.0005,9.964226975218239,0.010033572578606594,0.9406351297925862,1000.0,3.044676000455751e-13,2.085359516399225e-26,3.3411102606798365e-39,6.059067561337451e-52,1.1487856314518566e-64,,
0,0.8398768542292105,2.0,15.0,17.0,0.001,9.964226975218239,0.01008129483177575,0.8929128766234296,1000.0,4.3872743040555757e-13,9.723052920427474e-26,3.9869561448178773e-38,1.7502659324213475e-50,7.858517417640689e-63,,
0,0.7053931302699543,2.0,15.0,17.0,0.002,9.964226975218239,0.010198537217903847,0.775670490495332,1000.0,1.9034161157932473e-13,2.894593338100323e-27,1.0018933266586826e-40,4.118865247723005e-54,1.8110126287777297e-67,,
0,0.41790547850777315,2.0,15.0,17.0,0.005,9.964226975218239,0.010421111800899956,0.5530959074992232,1000.0,1.1627959145898537e-13,7.487170309585636e-28,1.07915073737026e-41,1.908053894964328e-55,3.6814434785282165e-69,,
0,0.17464498896681085,3.75,15.0,17.0,0.01,9.964226975218239,0.01063447143471348,0.33973627368569836,1000.0,2.418493398290657e-13,5.419861620852711e-27,2.228127571537309e-40,1.0381228018720252e-53,5.166349196290885e-67,,
0,0.030500872171217486,2.0,15.0,17.0,0.02,9.964226975218239,0.010892152263053139,0.08205544534604066,1000.0,3.600798294826104e-14,1.0278500405679927e-28,8.134886560939108e-43,8.080435675175354e-57,8.59867475204747e-71,,
0,1.0,2.0,15.0,18.0,0.0,9.97213155087537,0.009972899591039225,1.0013081173599545,1000.0,4.298267049575235e-13,8.995205475312431e-26,3.7313103500914713e-38,1.6547110674868546e-50,7.464339700796252e-63,,
0,0.9125613161520112,2.0,15.0,18.0,0.0005,9.97213155087537,0.01003255233868805,0.9416553697111294,1000.0,2.1935464336737537e-13,4.949969827882164e-27,3.601985939710209e-40,3.5623067178772064e-53,3.8783863490742224e-66,,
0,0.8327681557370908,2.0,15.0,18.0,0.001,9.97213155087537,0.010074668000186518,0.8995397082126612,1000.0,2.0708855069626333e-13,3.706167031514023e-27,1.7138578577367397e-40,9.605102855156512e-54,5.707932108274454e-67,,
0,0.6935028012097558,2.0,15.0,18.0,0.002,9.97213155087537,0.010200904432345465,0.7733032760537146,1000.0,2.1759489484173506e-13,1.266755005806547e-26,2.3473964361883582e-39,5.010481533466386e-52,1.1005441937455388e-64,,
0,0.40051662609081873,2.0,15.0,18.0,0.005,9.97213155087537,0.01041398146796669,0.5602262404324889,1000.0,9.504202291364629e-14,5.869511169201249e-28,1.218779032430312e-41,3.373447565841062e-55,1.027846362613844e-68,,
0,0.16041356777517274,3.75,15.0,18.0,0.01,9.97213155087537,0.01066915874904754,0.30504895935163806,1000.0,4.565523609383939e-13,4.482868550355042e-26,6.469074990951144e-39,9.665479555469109e-52,1.4623922214330696e-64,,
0,0.02573251272635994,2.0,15.0,18.0,0.02,9.97213155087537,0.010877701513680544,0.0965061947186328,1000.0,2.8362776656121017e-14,3.080385015190637e-29,8.254435483331489e-44,3.0316935235632913e-58,1.2773889589456148e-72,,
0,1.0,2.0,15.0,19.0,0.0,9.96766721391932,0.009977961498827233,0.9962462095719463,1000.0,2.999656810888273e-13,1.1941505904633575e-26,1.2255996924627406e-39,1.601398646827699e-52,2.3134157971362233e-65,,
0,0.9086911604645899,2.0,15.0,19.0,0.0005,9.96766721391932,0.010049822459265398,0.9243852491337812,1000.0,3.250742397124924e-13,6.580433705104149e-26,2.744995746612033e-38,1.2195873314179066e-50,5.581644516493053e-63,,
0,0.8257196251064828,2.0,15.0,19.0,0.001,9.96766721391932,0.010106582614168205,0.8676250942309732,1000.0,2.209454134202353e-13,8.039624632063236e-27,9.039321516598053e-40,1.2828539199450265e-52,1.9493192146718767e-65,,
0,0.6818128992859905,2.0,15.0,19.0,0.002,9.96766721391932,0.010215028103317807,0.7591796050813724,1000.0,1.7499778184630702e-13,3.0113327413540376e-27,1.3883191629247145e-40,7.806833204784837e-54,4.7068178642192776e-67,,
0,0.38385131572805886,2.0,15.0,19.0,0.005,9.96766721391932,0.010500721843375044,0.4734858650241346,1000.0,8.602693038379098e-14,9.690836210854404e-28,5.060551370241374e-41,3.1171724169812404e-54,1.9524173244356177e-67,,
0,0.14734183258616193,3.75,15.0,19.0,0.01,9.96766721391932,0.010729715946511658,0.24449176188752147,1000.0,1.6111725128352332e-13,6.800326959916412e-28,5.86713763139064e-42,6.064574386292356e-56,7.04213853379347e-70,,
0,0.02170961562984857,2.0,15.0,19.0,0.02,9.96766721391932,0.01091788644032168,0.05632126807749849,1000.0,3.5953428777621066e-14,1.3078510672926796e-28,1.813756442451799e-42,3.37884285458064e-56,6.688557067058787e-70,,
