,alpha_dig,ninstance,num_qubits,depth,r,entropy,cross_entropy,cross_entropy_diff,nshots,IPR2,IPR4,IPR6,IPR8,IPR10,puexp,pU
0,1.0,5.5,15.0,5.0,0.0,6.857630498846097,9.535352546414476,1.4388551619847045,1000.0,2.6876740302483555e-05,8.75866195613949e-12,9.620263203994023e-18,1.640534606639514e-23,3.3377864250439534e-29,,
0,0.9300657466602786,5.5,15.0,5.0,0.0010000000000000002,6.862994612742682,9.562499596782878,1.4117081116163017,1000.0,2.6071959295644736e-05,7.792962539483766e-12,7.910008568456608e-18,1.2723006024091305e-23,2.429637680472139e-29,,
0,0.8650222931107413,5.5,15.0,5.0,0.0020000000000000005,6.858912641749467,9.600268085713882,1.3739396226852976,1000.0,2.798763272110787e-05,2.13256066307545e-11,1.0755355881703233e-16,8.759144367375473e-22,7.991994164058319e-27,,
0,0.6959343136786419,5.5,15.0,5.0,0.004999999999999999,6.852465485383256,9.737607658355866,1.2366000500433132,1000.0,2.3602834354350857e-05,7.723018936469668e-12,9.343027398451555e-18,1.7412081766784125e-23,3.7722458492044416e-29,,
0,0.4843245689553625,5.5,15.0,5.0,0.009999999999999998,6.856917767210751,9.926302530428393,1.0479051779707862,1000.0,2.0003896462041608e-05,5.4786644436929915e-12,5.666238719816871e-18,9.496008170967522e-24,1.894393233577437e-29,,
0,1.0,5.5,15.0,6.0,0.0,6.870542726624433,9.792373657795945,1.1818340506032354,1000.0,1.5586098528818096e-05,2.7215836024478547e-12,1.567449579954632e-18,1.400794735108979e-24,1.5032788553649705e-30,,
0,0.922193691444608,5.5,15.0,6.0,0.0010000000000000002,6.870238782601402,9.833162839040906,1.1410448693582713,1000.0,1.5369163774904714e-05,3.1938798227874773e-12,2.466008229885597e-18,2.884059431321393e-24,3.928153529355278e-30,,
0,0.850441204540233,5.5,15.0,6.0,0.0020000000000000005,6.873728133908266,9.876155231390303,1.0980524770088762,1000.0,1.4839008236860077e-05,2.5525396716423072e-12,1.6904411528315482e-18,1.867713313203186e-24,2.4592628313325758e-30,,
0,0.6669768108584744,5.5,15.0,6.0,0.004999999999999999,6.87477534628606,9.975078358176866,0.9991293502223136,1000.0,1.3627149464988671e-05,2.378051813257401e-12,1.6967145874745656e-18,2.034214909192213e-24,2.9365894084491784e-30,,
0,0.44485806622294105,5.5,15.0,6.0,0.009999999999999998,6.873574838553647,10.154221878948897,0.8199858294502839,1000.0,1.2197528307639913e-05,2.065219204533629e-12,1.4645058171800346e-18,1.7694416356863366e-24,2.504780726012032e-30,,
0,1.0,5.5,15.0,7.0,0.0,6.878397431215419,9.829489871763881,1.1447178366352968,1000.0,1.3948994550702338e-05,2.6792664797442295e-12,1.760648983215774e-18,1.69412794755874e-24,1.9423796862519616e-30,,
0,0.9143882651243047,5.5,15.0,7.0,0.0010000000000000002,6.876908247819685,9.881888067547944,1.0923196408512363,1000.0,1.3367146703622841e-05,2.051300772746839e-12,1.1220076474936232e-18,9.72777501792259e-25,9.921457527362025e-31,,
0,0.8361058993970355,5.5,15.0,7.0,0.0020000000000000005,6.876315628133334,9.93714547693355,1.0370622314656286,1000.0,1.2528921750719137e-05,1.6291858734711651e-12,6.358169807542609e-19,3.6594864866868287e-25,2.446281128335491e-31,,
0,0.6392242162503299,5.5,15.0,7.0,0.004999999999999999,6.879311909970717,10.062064478960137,0.9121432294390415,1000.0,1.1307042243689688e-05,1.8454399572537445e-12,1.0847105537973563e-18,9.06557829222488e-25,8.514823091860389e-31,,
0,0.4086075986408485,5.5,15.0,7.0,0.009999999999999998,6.87658638875074,10.231138061155974,0.7430696472432056,1000.0,9.539209128980214e-06,1.2220840848295545e-12,6.320281932847365e-19,5.150685855938182e-25,4.9042161112516044e-31,,
0,1.0,5.5,15.0,8.0,0.0,6.882967178305701,9.89300235401166,1.0812053543875197,1000.0,9.304938415187797e-06,7.229618892871491e-13,2.609541197198865e-19,1.8457462638622542e-25,1.6235856294412965e-31,,
0,0.9066489037539208,5.5,15.0,8.0,0.0010000000000000002,6.885033713028079,9.95191964697137,1.0222880614278071,1000.0,9.370855952017865e-06,1.2151379908070035e-12,1.0120025518476296e-18,1.4742837758638872e-24,2.4455589693211965e-30,,
0,0.8220122346781865,5.5,15.0,8.0,0.0020000000000000005,6.88271433273421,10.002395971422859,0.9718117369763201,1000.0,9.37111958549113e-06,9.446612789292445e-13,3.511159565123559e-19,2.0450795148054113e-25,1.4116158618046811e-31,,
0,0.6126263941844161,5.5,15.0,8.0,0.004999999999999999,6.8827833462316645,10.173665531247213,0.800542177151967,1000.0,7.302382938414866e-06,5.347166828692953e-13,1.6987358256928473e-19,8.8945584851244e-26,5.346364196656145e-32,,
0,0.37531109885139957,5.5,15.0,8.0,0.009999999999999998,6.881291516149725,10.336154255289618,0.6380534531095629,1000.0,6.50242853522819e-06,3.3531145569890156e-13,4.6972490312832067e-20,1.0185512867666766e-26,2.706880144690543e-33,,
0,1.0,5.5,15.0,9.0,0.0,6.886793657041219,9.931629346815573,1.0425783615836057,1000.0,8.532776024183948e-06,9.14630947869455e-13,6.274877576407603e-19,7.415521644006204e-25,1.0141679797393784e-30,,
0,0.8989750481612313,5.5,15.0,9.0,0.0010000000000000002,6.889230502597876,9.989841431591877,0.9843662768073023,1000.0,7.911265489263809e-06,5.089688770433583e-13,1.2940822090406559e-19,6.038611612404848e-26,3.550428477023139e-32,,
0,0.8081561372164885,5.5,15.0,9.0,0.0020000000000000005,6.8833733192318105,10.049437608407883,0.9247700999912942,1000.0,7.75157626668281e-06,7.186632240081709e-13,4.611452587738181e-19,5.777585804211392e-25,8.369618023393879e-31,,
0,0.5871352951128216,5.5,15.0,9.0,0.004999999999999999,6.883018276757241,10.20949162439619,0.7647160840029901,1000.0,6.677982687014933e-06,5.540455904873932e-13,4.0171875562741774e-19,5.492614558309677e-25,8.214908834617894e-31,,
0,0.34472785476722023,5.5,15.0,9.0,0.009999999999999998,6.8840681358212406,10.423059158875867,0.5511485495233119,1000.0,5.3603853938945416e-06,3.1426058260126647e-13,1.0144568054750435e-19,6.118313478360352e-26,4.362570464488684e-32,,
0,1.0,5.5,15.0,10.0,0.0,6.889197319192251,9.929148939345124,1.0450587690540547,1000.0,8.893033404950399e-06,8.540053422484676e-13,3.2992468583332464e-19,2.1357953796182953e-25,1.6888067213080298e-31,,
0,0.8913661439068313,5.5,15.0,10.0,0.0010000000000000002,6.881935234287615,10.009569816827014,0.9646378915721643,1000.0,8.643119523383627e-06,1.0409054261109678e-12,5.86890939601965e-19,5.474944355856502e-25,6.236949259897855e-31,,
0,0.794533602503334,5.5,15.0,10.0,0.0020000000000000005,6.884236699535569,10.058988771528528,0.9152189368706527,1000.0,7.861510854313546e-06,5.280810265909097e-13,1.1437242868802817e-19,3.9959432370597264e-26,1.7079825854785e-32,,
0,0.5627048688069556,5.5,15.0,10.0,0.004999999999999999,6.8832047555174825,10.230487181005769,0.7437205273934111,1000.0,6.852123207256298e-06,5.491228721917489e-13,1.7840148153319022e-19,8.950698061385057e-26,5.089026912974668e-32,,
0,0.31663676937905316,5.5,15.0,10.0,0.009999999999999998,6.8874858269444434,10.451671974947926,0.5225357334512525,1000.0,5.253802204262645e-06,2.9014370301203944e-13,6.328345692726378e-20,2.361438649618671e-26,1.0761530559363624e-32,,
0,1.0,5.5,15.0,11.0,0.0,6.892344249698047,9.923672724733787,1.050534983665392,1000.0,7.87740557199028e-06,4.531093668868924e-13,9.532306195398049e-20,3.265491545489393e-26,1.3148264493073468e-32,,
0,0.8838216412440785,5.5,15.0,11.0,0.0010000000000000002,6.889856305689851,10.016167811420774,0.9580398969784065,1000.0,7.2860798740076725e-06,4.527118019795659e-13,1.143141107983288e-19,4.839980073411982e-26,2.5173661912467987e-32,,
0,0.7811406935313766,5.5,15.0,11.0,0.0020000000000000005,6.888264925391039,10.083906433234173,0.8903012751650058,1000.0,6.927253390459268e-06,3.489017998562366e-13,6.669453244651693e-20,2.3494593736338245e-26,1.0264462709577253e-32,,
0,0.5392909811668016,5.5,15.0,11.0,0.004999999999999999,6.888704249722771,10.251815695031253,0.7223920133679258,1000.0,5.9351503058175985e-06,2.736356194841437e-13,5.092932075869245e-20,1.7428081946837548e-26,7.404650256517255e-33,,
0,0.2908347623678516,5.5,15.0,11.0,0.009999999999999998,6.8816797420299185,10.508245864710345,0.46596184368883387,1000.0,4.520463078503623e-06,1.679509473147723e-13,2.8901750765144417e-20,1.0851037336812935e-26,5.173993837188227e-33,,
0,1.0,5.5,15.0,12.0,0.0,6.89102363001664,9.960903618109537,1.013304090289641,1000.0,6.917647195500856e-06,3.0050656272781877e-13,4.287717367054423e-20,1.0057631105868883e-26,2.880045701174872e-33,,
0,0.8763409950793732,5.5,15.0,12.0,0.0010000000000000002,6.8888933751692205,10.04692148273855,0.9272862256606288,1000.0,6.238338704804003e-06,2.2683172352526191e-13,2.8437650164468326e-20,6.760651012403083e-27,2.0978128632057017e-33,,
0,0.7679735396567062,5.5,15.0,12.0,0.0020000000000000005,6.888502502602819,10.102725512598935,0.8714821958002436,1000.0,6.084889364197403e-06,2.2067183218603302e-13,2.4147475818798354e-20,4.477728429560674e-27,1.052239810374095e-33,,
0,0.5168513344916992,5.5,15.0,12.0,0.004999999999999999,6.890855066302313,10.291879685537946,0.6823280228612358,1000.0,5.137967949914037e-06,1.5914613363570404e-13,1.4585370186219218e-20,2.2635708037185096e-27,4.381512664612491e-34,,
0,0.26713530196585034,5.5,15.0,12.0,0.009999999999999998,6.885199630056199,10.549193083637686,0.42501462476149393,1000.0,4.036098396033964e-06,1.1601649618854257e-13,1.0530864479111872e-20,1.700535033702016e-27,3.4783990126943227e-34,,
0,1.0,5.5,15.0,13.0,0.0,6.887690220750601,9.949142891805902,1.0250648165932765,1000.0,7.019516211019018e-06,3.3688717033297815e-13,5.81878299649893e-20,1.678632525853718e-26,5.782544871387512e-33,,
0,0.8689236649327764,5.5,15.0,13.0,0.0010000000000000002,6.88518436169649,10.026790626692156,0.9474170817070233,1000.0,6.608828213430987e-06,2.8896759691339267e-13,4.345613045308918e-20,1.0702351871326957e-26,3.124521058256438e-33,,
0,0.7550283354802081,5.5,15.0,13.0,0.0020000000000000005,6.881748755527373,10.129664697883696,0.8445430105154837,1000.0,5.970180160198915e-06,2.5241075966850454e-13,5.0121423397623884e-20,2.1812721891140318e-26,1.2302275043925106e-32,,
0,0.4953453910686223,5.5,15.0,13.0,0.004999999999999999,6.8899074041413915,10.336302630069138,0.6379050783300404,1000.0,5.181896006044159e-06,2.514780479874483e-13,5.063318590764533e-20,1.737547747996076e-26,7.359333919173761e-33,,
0,0.2453670564529263,5.5,15.0,13.0,0.009999999999999998,6.88845140415128,10.568735775106777,0.4054719332924023,1000.0,3.777129100846902e-06,9.782349870830095e-14,8.833093102528772e-21,1.7215974892121612e-27,4.64183565357465e-34,,
0,1.0,5.5,15.0,14.0,0.0,6.886808925400928,9.979209342121724,0.9949983662774555,1000.0,6.49271316051068e-06,2.7694624008552284e-13,5.1514290152889884e-20,2.0144564847959215e-26,1.0473802328203478e-32,,
0,0.8615691148989584,5.5,15.0,14.0,0.0010000000000000002,6.8894680798096575,10.054778283548883,0.9194294248502951,1000.0,6.22606212882626e-06,2.842381861120647e-13,4.621360189069855e-20,1.1784014438207268e-26,3.530897505592417e-33,,
0,0.7423013397477743,5.5,15.0,14.0,0.0020000000000000005,6.885725882931302,10.140435618272296,0.8337720901268858,1000.0,5.620091721637436e-06,1.8520116484722886e-13,2.0661625857041115e-20,4.430414685679084e-27,1.2862528982044617e-33,,
0,0.4747342999399124,5.5,15.0,14.0,0.004999999999999999,6.885677431165971,10.361389802668617,0.6128179057305617,1000.0,4.709679487045134e-06,1.8718759473181584e-13,3.179026561147551e-20,8.601448213412101e-27,2.6245714998091135e-33,,
0,0.22537265553943872,5.5,15.0,14.0,0.009999999999999998,6.891700531560154,10.61367284710709,0.3605348612920881,1000.0,3.5535889963142823e-06,8.60920966331902e-14,7.075534944465206e-21,1.1535193400812706e-27,2.5043432476091065e-34,,
0,1.0,5.5,15.0,15.0,0.0,6.888400305699742,9.957881116085817,1.016326592313363,1000.0,6.889854443507219e-06,3.1422145252595506e-13,4.505659328677903e-20,1.0370925906509652e-26,2.9184930975974265e-33,,
0,0.8542768136084795,5.5,15.0,15.0,0.0010000000000000002,6.885100079839328,10.066454970746381,0.9077527376527987,1000.0,6.003575824286485e-06,2.0376764965764371e-13,2.1649199132373347e-20,4.012798762965669e-27,9.447183111167492e-34,,
0,0.7297888742690567,5.5,15.0,15.0,0.0020000000000000005,6.889976417638846,10.151931337353776,0.822276371045404,1000.0,5.7949032545469575e-06,3.0250174595483207e-13,9.848844207474732e-20,6.256578694365961e-26,4.724907197509107e-32,,
0,0.4549808267181736,5.5,15.0,15.0,0.004999999999999999,6.887317263230116,10.374062463913322,0.600145244485858,1000.0,4.599013377770638e-06,1.3956309054792663e-13,1.494842927823372e-20,2.9326268251780683e-27,7.0089485396442595e-34,,
0,0.20700755268115265,5.5,15.0,15.0,0.009999999999999998,6.885437207267981,10.62178612933156,0.3524215790676175,1000.0,3.5074671086209696e-06,7.410385847520778e-14,3.569549075696612e-21,2.6303383855520513e-28,2.449909450321509e-35,,
0,1.0,5.5,15.0,16.0,0.0,6.891938108771937,9.97559704713225,0.9986106612669292,1000.0,6.051248833170921e-06,2.0762208348692391e-13,2.5128259625767435e-20,5.451993046946376e-27,1.4706235218624676e-33,,
0,0.8470462341893995,5.5,15.0,16.0,0.0010000000000000002,6.890009601044471,10.074962225415211,0.8992454829839678,1000.0,6.3460502196179055e-06,4.821623913017654e-13,1.7748993652441205e-19,1.0091056657306573e-25,6.778254397390996e-32,,
0,0.7174873228544432,5.5,15.0,16.0,0.0020000000000000005,6.8864717979722725,10.19477507122484,0.779432637174339,1000.0,5.460611759605795e-06,2.435413517499266e-13,5.088835728336619e-20,1.9228813842947412e-26,8.539360387632471e-33,,
0,0.4360492863215356,5.5,15.0,16.0,0.004999999999999999,6.889976417638846,10.409956165643019,0.5642515427561616,1000.0,4.2478530836482985e-06,1.0646401368994635e-13,7.689149642294988e-21,8.958260602417377e-28,1.2597553220579833e-34,,
0,0.1901389801015205,5.5,15.0,16.0,0.009999999999999998,6.888926558574845,10.675488726398244,0.2987189820009345,1000.0,3.187809469717258e-06,7.485711216621054e-14,6.870194811696578e-21,1.2140130111183784e-27,2.7067368624292283e-34,,
0,1.0,5.5,15.0,17.0,0.0,6.890957263205391,9.970288528810078,1.0039191795891003,1000.0,6.709017134846777e-06,3.168066818001421e-13,5.68393355504204e-20,1.7618136550891903e-26,6.661578740553134e-33,,
0,0.8398768542292105,5.5,15.0,17.0,0.0010000000000000002,6.884374726530479,10.076698991486504,0.8975087169126761,1000.0,5.9947103412352165e-06,2.4751386608683046e-13,4.6059686161114557e-20,1.6728511204586285e-26,7.527934274787979e-33,,
0,0.7053931302699542,5.5,15.0,17.0,0.0020000000000000005,6.890413095284373,10.15433169176822,0.8198760166309595,1000.0,5.68648806443989e-06,2.5390032209988e-13,5.228180066949885e-20,1.8635168769837148e-26,7.777995267023632e-33,,
0,0.41790547850777315,5.5,15.0,17.0,0.004999999999999999,6.8869111223040065,10.428741758005184,0.5454659503939938,1000.0,4.392228998661789e-06,2.3765868694094523e-13,1.210572039528332e-19,9.713140488499619e-26,8.194386239362997e-32,,
0,0.17464498896681085,5.5,15.0,17.0,0.009999999999999998,6.889450164763741,10.670064432346281,0.3041432760528984,1000.0,3.249778650836685e-06,8.421041420567813e-14,1.0266339071617427e-20,2.6839033177074844e-27,8.876151436875584e-34,,
0,1.0,5.5,15.0,18.0,0.0,6.885981375189,9.972506437298538,1.001701271100642,1000.0,6.601666751198474e-06,2.605507623179248e-13,3.2421067232221324e-20,6.927256411854258e-27,1.8841357721995887e-33,,
0,0.8327681557370908,5.5,15.0,18.0,0.0010000000000000002,6.889077207243257,10.07792884536003,0.8962788630391503,1000.0,5.874488084937226e-06,2.0948633978676494e-13,3.003786211217143e-20,9.087436759696235e-27,3.585344443037584e-33,,
0,0.6935028012097558,5.5,15.0,18.0,0.0020000000000000005,6.887690220750602,10.208231624135161,0.7659760842640188,1000.0,5.285716530715928e-06,1.6119042027227782e-13,1.4735743875779782e-20,2.3313598014395106e-27,4.621857070425561e-34,,
0,0.40051662609081873,5.5,15.0,18.0,0.004999999999999999,6.890127066307256,10.446641596630045,0.5275661117691351,1000.0,4.192870712217789e-06,1.1982395160213767e-13,1.2304604862994448e-20,2.3913809526867857e-27,5.857253711842209e-34,,
0,0.16041356777517274,5.5,15.0,18.0,0.009999999999999998,6.890888249707937,10.686993752472455,0.2872139559267234,1000.0,3.264796754170271e-06,8.171458918177467e-14,7.862665083182058e-21,1.5259486793415672e-27,3.7520324298681133e-34,,
0,1.0,5.5,15.0,19.0,0.0,6.887163967875497,9.971683893092004,1.0025238153071752,1000.0,6.667150379657536e-06,3.578408049943529e-13,1.1148543307021895e-19,7.394231217759027e-26,6.095174923685981e-32,,
0,0.8257196251064828,5.5,15.0,19.0,0.0010000000000000002,6.887978896413924,10.099975891512289,0.8742318168868894,1000.0,5.940718940756949e-06,2.670832180124641e-13,4.992013284008401e-20,1.518591735730434e-26,5.297576054069177e-33,,
0,0.6818128992859905,5.5,15.0,19.0,0.0020000000000000005,6.8896366435239855,10.193521164214605,0.7806865441845721,1000.0,5.4712178921538935e-06,2.0499662298370071e-13,3.1123744031638683e-20,8.842378904440959e-27,3.083548455196126e-33,,
0,0.38385131572805886,5.5,15.0,19.0,0.004999999999999999,6.887536925395983,10.46698036431106,0.5072273440881176,1000.0,4.22153046194815e-06,1.3790812069868126e-13,1.9793595450763564e-20,5.382607599562358e-27,1.74665491225914e-33,,
0,0.14734183258616193,5.5,15.0,19.0,0.009999999999999998,6.888586784459983,10.721994985357423,0.2522127230417551,1000.0,3.012844386472748e-06,6.121929772841885e-14,3.6783297390785556e-21,4.185989844021444e-28,6.557100300021727e-35,,
0,1.0,5.5,15.0,20.0,0.0,6.885473037359811,9.982986281183493,0.9912214272156852,1000.0,6.233077085716503e-06,2.6758192243878307e-13,5.048607846991045e-20,1.918820788828072e-26,9.597680504326935e-33,,
0,0.8187307530779819,5.5,15.0,20.0,0.0010000000000000002,6.8894833481693665,10.120005310653955,0.8542023977452246,1000.0,5.578009091483762e-06,2.2140304441244054e-13,3.765129751028463e-20,1.1083565912522805e-26,3.883204154636849e-33,,
0,0.6703200460356393,5.5,15.0,20.0,0.0020000000000000005,6.89212458753218,10.22137501079007,0.7528326976091106,1000.0,5.201739608414085e-06,1.7490929881307636e-13,2.673253938972123e-20,8.518459013560688e-27,3.382675174193273e-33,,
0,0.36787944117144233,5.5,15.0,20.0,0.004999999999999999,6.886709375184056,10.497677545068766,0.4765301633304116,1000.0,3.8884192351990454e-06,9.888481968658874e-14,8.010760280106363e-21,1.1036864509443742e-27,1.8496388079774528e-34,,
0,0.13533528323661273,5.5,15.0,20.0,0.009999999999999998,6.888908643528929,10.724749854419303,0.24945785397987735,1000.0,2.9196496861829557e-06,5.036328287661544e-14,2.2986161060322253e-21,1.9538550480499192e-28,2.2759468682389953e-35,,
0,1.0,5.5,15.0,25.0,0.0,6.8897720238326885,9.967587691669106,1.006620016730071,1000.0,6.540667888562991e-06,3.6919047699421854e-13,1.2340978410559392e-19,8.174641500292978e-26,6.621170280373762e-32,,
0,0.7846637475787225,5.5,15.0,25.0,0.0010000000000000002,6.885677431165971,10.144708082415102,0.8294996259840774,1000.0,5.770796567548977e-06,2.33303591423205e-13,3.08605899048215e-20,6.417526733400045e-27,1.570711729452606e-33,,
0,0.615697196764285,5.5,15.0,25.0,0.0020000000000000005,6.889789938878603,10.273701838851736,0.7005058695474438,1000.0,4.889658337530224e-06,1.4652193641214433e-13,1.533119631364729e-20,3.2278009515921927e-27,9.09287334695421e-34,,
0,0.2974527173217405,5.5,15.0,25.0,0.004999999999999999,6.886742558589679,10.556033902691706,0.41817380570747426,1000.0,3.645468002047979e-06,8.268334735393959e-14,4.91105824439198e-21,4.665463914869063e-28,5.609607564636056e-35,,
0,0.08847811904208727,5.5,15.0,25.0,0.009999999999999998,6.888385037340032,10.805924579177562,0.16828312922161767,1000.0,2.659585475415538e-06,5.1560393536545545e-14,3.594752441021873e-21,5.42331975335542e-28,1.1351549506524275e-34,,
0,1.0,5.5,15.0,30.0,0.0,6.885388755502649,9.963784464048604,1.010423244350575,1000.0,6.4361398537022815e-06,2.662560945730594e-13,4.3436690656726865e-20,1.2347796355751229e-26,4.233762427970761e-33,,
0,0.7520142543193826,5.5,15.0,30.0,0.0010000000000000002,6.889823122284227,10.157700151753549,0.8165075566456311,1000.0,5.498553808291603e-06,2.1428312528923777e-13,4.181171839445215e-20,1.6750323603266673e-26,8.31129247124716e-33,,
0,0.5655254386995371,5.5,15.0,30.0,0.0020000000000000005,6.892717207218533,10.337248180873285,0.6369595275258935,1000.0,4.422737999653381e-06,1.0922499869257572e-13,7.81638592040834e-21,9.59576364220101e-28,1.4816707476557865e-34,,
0,0.24050846320834213,5.5,15.0,30.0,0.004999999999999999,6.885404023862359,10.63280241483728,0.34140529356189686,1000.0,3.370330087398242e-06,7.784734512807086e-14,6.45547938877771e-21,1.0228822273024505e-27,2.078497183761817e-34,,
0,0.05784432087483846,5.5,15.0,30.0,0.009999999999999998,6.884338896438647,10.843769818743887,0.13043788965529313,1000.0,2.4197571844705143e-06,4.401755984703283e-14,2.7788834035243328e-21,3.488651634758193e-28,5.880746686286134e-35,,
0,1.0,5.5,15.0,35.0,0.0,6.890280361661877,9.967553710460555,1.0066539979386226,1000.0,6.428224772408007e-06,2.6090506612016587e-13,5.2413378041553297e-20,2.4548267470066716e-26,1.492921176845874e-32,,
0,0.7207232912755409,5.5,15.0,35.0,0.0010000000000000002,6.887843516105219,10.180637701210758,0.7935700071884224,1000.0,5.499995861834861e-06,2.2995876990793185e-13,4.3104917832971577e-20,1.415180100382098e-26,5.466577154623661e-33,,
0,0.5194420625870482,5.5,15.0,35.0,0.0020000000000000005,6.887572755487812,10.3545069065724,0.6197008018267794,1000.0,4.563702353471117e-06,1.8018061432770357e-13,4.6383268926861213e-20,2.4331846677255625e-26,1.513564650486907e-32,,
0,0.19446559908972355,5.5,15.0,35.0,0.004999999999999999,6.889552361666821,10.64762348604086,0.3265842223583183,1000.0,3.2646914085551416e-06,8.947641762564717e-14,1.2457184355142728e-20,3.465655298256039e-27,1.1839141882095975e-33,,
0,0.03781686922932508,5.5,15.0,35.0,0.009999999999999998,6.888706896408978,10.872898545855309,0.10130916254387098,1000.0,2.4154413996401648e-06,4.894362567257545e-14,3.7552960215155554e-21,5.554392790687564e-28,1.0397123549136631e-34,,
0,1.0,5.5,15.0,40.0,0.0,6.887943066322093,9.97922736671035,0.9949803416888278,1000.0,6.15583604044482e-06,2.2737789276078416e-13,2.736393699782691e-20,5.149573833016743e-27,1.1446259167651399e-33,,
0,0.6907343306373547,5.5,15.0,40.0,0.0010000000000000002,6.889636643523984,10.220278819663182,0.7539288887359982,1000.0,5.1016019207077254e-06,1.8440801784657197e-13,2.6317171379960238e-20,6.172242457906283e-27,1.673015368044401e-33,,
0,0.4771139155210344,5.5,15.0,40.0,0.0020000000000000005,6.892155124251597,10.386587406518828,0.5876203018803519,1000.0,4.278204931909191e-06,1.3445655149792556e-13,2.3120568594173747e-20,8.614034586616632e-27,3.924756561683394e-33,,
0,0.1572371663136276,5.5,15.0,40.0,0.004999999999999999,6.887115516110164,10.70230160146176,0.2719061069374174,1000.0,2.99713974201197e-06,8.383304348345692e-14,1.698818067060291e-20,7.21882561831655e-27,3.5166942567375165e-33,,
0,0.024723526470339385,5.5,15.0,40.0,0.009999999999999998,6.890196079804713,10.905341993852776,0.06886571454640186,1000.0,2.2155317915055724e-06,3.6031215646750625e-14,1.6576729092483682e-21,1.2818092569192276e-28,1.2591165031936628e-35,,
