,alpha_dig,ninstance,num_qubits,depth,r,entropy,cross_entropy,cross_entropy_diff,nshots,IPR2,IPR4,IPR6,IPR8,IPR10
0,0.0,3.0276503540974917,0.0,0.0,0.0,0.011575752937023492,0.036069850556238396,0.036069850556238396,0.0,1.913442597427732e-06,3.3528895703584743e-12,7.637358524615103e-18,1.836128044493014e-23,4.433331957689568e-29
0,1.1702778228589004e-16,3.0276503540974917,0.0,0.0,2.28569887277129e-19,0.010335860042539464,0.03980644603426507,0.039806446034265065,0.0,3.568947792728425e-06,4.51410385273628e-12,9.570099174328939e-18,2.12158194678034e-23,4.7071038218404484e-29
0,0.0,3.0276503540974917,0.0,0.0,4.57139774554258e-19,0.011476336020044548,0.02735390272460708,0.02735390272460708,0.0,3.649595654601272e-06,3.0941918519319376e-11,2.795571000801572e-16,2.6209385950829058e-21,2.485095931077e-26
0,1.1702778228589004e-16,3.0276503540974917,0.0,0.0,9.14279549108516e-19,0.008949448757218112,0.036405622643793566,0.036405622643793566,0.0,2.55552809288039e-06,4.142142417554169e-12,8.292972239880391e-18,1.8689491240519198e-23,4.494430120242163e-29
0,5.851389114294502e-17,3.0276503540974917,0.0,0.0,1.828559098217032e-18,0.010933758980668423,0.035219079204811626,0.035219079204811626,0.0,1.2849048756494942e-06,2.5633894848846303e-12,5.718121771871767e-18,1.2825253428900107e-23,2.9204019590848716e-29
0,0.0,3.0276503540974917,0.0,0.0,0.0,0.009843175272003266,0.023042303739915504,0.0230423037399155,0.0,9.03753349239046e-07,1.1861320832436684e-12,1.4651749958182822e-18,1.823480285093514e-24,2.325481129982926e-30
0,0.0,3.0276503540974917,0.0,0.0,2.28569887277129e-19,0.008505348689945928,0.03405082756698223,0.03405082756698223,0.0,1.4929924297969605e-06,1.3976785220283778e-12,1.9475889097524835e-18,3.064110522027967e-24,5.071836011223504e-30
0,0.0,3.0276503540974917,0.0,0.0,4.57139774554258e-19,0.007948637855973828,0.043342196848266,0.043342196848266,0.0,1.391811807429497e-06,1.2238656417543688e-12,1.603927955770582e-18,2.3923070010050608e-24,3.731348564950411e-30
0,0.0,3.0276503540974917,0.0,0.0,9.14279549108516e-19,0.005827456483800685,0.028401234781560675,0.028401234781560675,0.0,1.0631797138536883e-06,1.1905686105560057e-12,1.929022793895958e-18,3.3926459534756206e-24,6.162551837695524e-30
0,5.851389114294502e-17,3.0276503540974917,0.0,0.0,1.828559098217032e-18,0.011571269889925979,0.05481649421711177,0.05481649421711177,0.0,9.357017489473233e-07,1.1320439979194994e-12,1.6993381475507491e-18,2.639062152102504e-24,4.163688470352341e-30
0,0.0,3.0276503540974917,0.0,0.0,0.0,0.009702944261011901,0.019098714375510917,0.01909871437551092,0.0,1.423407248119261e-06,1.4835966284598947e-12,1.8957278045030257e-18,2.6392672212341696e-24,3.8580431922584144e-30
0,1.1702778228589004e-16,3.0276503540974917,0.0,0.0,2.28569887277129e-19,0.009182587259559661,0.04185644073984064,0.04185644073984064,0.0,1.3228847485245584e-06,1.0853511316148554e-12,1.2310078558007455e-18,1.4292685692881075e-24,1.6827107988020367e-30
0,0.0,3.0276503540974917,0.0,0.0,4.57139774554258e-19,0.006564121046611914,0.038020566856331484,0.038020566856331484,0.0,1.408613271395565e-06,8.526746141943874e-13,6.163304588067123e-19,4.684774560357666e-25,3.671785182967071e-31
0,0.0,3.0276503540974917,0.0,0.0,9.14279549108516e-19,0.009579335818622954,0.04864213613190323,0.04864213613190322,0.0,1.2616059282625737e-06,1.0085200596289062e-12,9.571215124289302e-19,9.754701035886576e-25,1.0590648751375791e-30
0,5.851389114294502e-17,3.0276503540974917,0.0,0.0,1.828559098217032e-18,0.009625617574838926,0.025507561480545244,0.025507561480545244,0.0,1.168322024800632e-06,7.985675086457699e-13,7.885963779470644e-19,8.77317251162934e-25,1.0253028164605955e-30
0,0.0,3.0276503540974917,0.0,0.0,0.0,0.00939163268409021,0.01451217493964658,0.01451217493964658,0.0,4.383470534688595e-07,3.548944107382396e-13,3.5753408088233235e-19,3.7694563002622644e-25,4.007432623482513e-31
0,1.1702778228589004e-16,3.0276503540974917,0.0,0.0,2.28569887277129e-19,0.005818852260470484,0.0260380767235371,0.0260380767235371,0.0,1.2205376430886334e-06,1.6802198059021669e-12,2.682071214703708e-18,4.4674739625915625e-24,7.644178433368354e-30
0,0.0,3.0276503540974917,0.0,0.0,4.57139774554258e-19,0.005320525890825743,0.03578946258063309,0.03578946258063309,0.0,5.938957356157404e-07,3.361294985299753e-13,2.54357138355191e-19,2.162544402147026e-25,1.9010561596735214e-31
0,0.0,3.0276503540974917,0.0,0.0,9.14279549108516e-19,0.007736909795098169,0.02656385217471908,0.026563852174719082,0.0,7.72610595100391e-07,3.5033522804247775e-13,2.1408333373979126e-19,1.3854408924028274e-25,9.09309638923526e-32
0,0.0,3.0276503540974917,0.0,0.0,1.828559098217032e-18,0.007606352961876749,0.028555531833935978,0.028555531833935978,0.0,5.010892002337678e-07,1.1815768558110403e-13,3.523741546596607e-20,1.158145555097906e-26,3.985180337088839e-33
0,0.0,3.0276503540974917,0.0,0.0,0.0,0.007453800789969425,0.01795455879542569,0.01795455879542569,0.0,1.020698303842878e-06,9.059483100952216e-13,1.203484497982253e-18,1.8003119010599572e-24,2.7769712713101148e-30
0,1.1702778228589004e-16,3.0276503540974917,0.0,0.0,2.28569887277129e-19,0.006546033218163458,0.025613104983041556,0.025613104983041556,0.0,6.062097144575618e-07,2.1195839947650864e-13,1.3428342826209892e-19,9.599054326479973e-26,7.104925086019669e-32
0,1.1702778228589004e-16,3.0276503540974917,0.0,0.0,4.57139774554258e-19,0.006843955066446855,0.029967875805182214,0.029967875805182214,0.0,5.39517955160131e-07,6.571936104945477e-13,1.0871642856167573e-18,1.6860428030273352e-24,2.5797811793597516e-30
0,1.1702778228589004e-16,3.0276503540974917,0.0,0.0,9.14279549108516e-19,0.008044354864667641,0.03930764123258241,0.03930764123258241,0.0,7.704415549290246e-07,7.23422627728436e-13,1.1096608381501524e-18,1.6963950348139185e-24,2.585296524931397e-30
0,5.851389114294502e-17,3.0276503540974917,0.0,0.0,1.828559098217032e-18,0.0051240547227310775,0.03529187953937886,0.03529187953937885,0.0,3.4598898314892005e-07,2.258833607906824e-13,1.7252717463061604e-19,1.364287242284607e-25,1.0946987247344976e-31
0,0.0,3.0276503540974917,0.0,0.0,0.0,0.00634814786999368,0.02043052624762642,0.02043052624762642,0.0,8.048224851258448e-07,4.725337600792315e-13,3.769183831036461e-19,3.3133105081205704e-25,3.0270458658549066e-31
0,0.0,3.0276503540974917,0.0,0.0,2.28569887277129e-19,0.008868857522814725,0.025791672578993546,0.025791672578993546,0.0,7.548952803356299e-07,5.761518183174687e-13,7.788172596240422e-19,1.1091333700864115e-24,1.5627442994008637e-30
0,0.0,3.0276503540974917,0.0,0.0,4.57139774554258e-19,0.007032030189588233,0.02163247601904044,0.02163247601904044,0.0,5.239453310722581e-07,1.506286294541497e-13,6.569399574232805e-20,3.61549040003347e-26,2.1179195839181776e-32
0,1.1702778228589004e-16,3.0276503540974917,0.0,0.0,9.14279549108516e-19,0.0061098433444517555,0.03613171234888704,0.03613171234888704,0.0,7.704150272597868e-07,3.5306301421921426e-13,2.0639335262892277e-19,1.2382619059983544e-25,7.574555511007302e-32
0,0.0,3.0276503540974917,0.0,0.0,1.828559098217032e-18,0.007065383635724464,0.05014993368021553,0.05014993368021553,0.0,3.8824808661129763e-07,1.3105838329428325e-13,6.569749953462086e-20,3.6252405058336125e-26,2.0852392004274255e-32
0,0.0,3.0276503540974917,0.0,0.0,0.0,0.010143990685531745,0.03580997576695899,0.03580997576695899,0.0,5.331139695618957e-07,1.19797675926081e-13,6.022309640125126e-20,3.0742726533368176e-26,1.5944452900024055e-32
0,0.0,3.0276503540974917,0.0,0.0,2.28569887277129e-19,0.008314244806182773,0.023787383779366355,0.02378738377936635,0.0,4.586622320021632e-07,1.881054891940563e-13,1.0915707283084144e-19,7.099555674431825e-26,4.749427311471798e-32
0,1.1702778228589004e-16,3.0276503540974917,0.0,0.0,4.57139774554258e-19,0.006646659356466342,0.03502002099296226,0.03502002099296226,0.0,5.838460248348683e-07,1.271871670657099e-13,5.744120289434709e-20,2.996456208870626e-26,1.6113280253896688e-32
0,0.0,3.0276503540974917,0.0,0.0,9.14279549108516e-19,0.006669863412338357,0.04747354548364088,0.04747354548364088,0.0,3.1749347046057894e-07,8.738054713094624e-14,4.9636026825018574e-20,2.675861796418878e-26,1.4346085237094364e-32
0,5.851389114294502e-17,3.0276503540974917,0.0,0.0,1.828559098217032e-18,0.007038423210521968,0.03329382891209296,0.03329382891209296,0.0,3.9243479541235714e-07,1.0024582366065643e-13,5.042106843907586e-20,2.7093560391960864e-26,1.4705753800332133e-32
0,0.0,3.0276503540974917,0.0,0.0,0.0,0.0045045402656975556,0.019337708051541013,0.019337708051541013,0.0,3.933745603515966e-07,1.0446109076516256e-13,3.2225172411768404e-20,1.108992258236822e-26,4.062979295947949e-33
0,0.0,3.0276503540974917,0.0,0.0,2.28569887277129e-19,0.008061721360233622,0.029381538288085235,0.029381538288085235,0.0,3.9719137047537037e-07,8.436818115786731e-14,2.698474718706026e-20,9.886234429078679e-27,3.828167335839013e-33
0,1.1702778228589004e-16,3.0276503540974917,0.0,0.0,4.57139774554258e-19,0.009969705064134986,0.016241333205512076,0.016241333205512076,0.0,3.141246730946419e-07,6.669266829433915e-14,1.9033729943180785e-20,5.6245237289103656e-27,1.7352358097183106e-33
0,0.0,3.0276503540974917,0.0,0.0,9.14279549108516e-19,0.007841743390508941,0.04324269020624222,0.04324269020624222,0.0,4.1654183031421224e-07,5.2067775383948904e-14,1.0176392344151163e-20,2.289517807239653e-27,5.530586132319262e-34
0,0.0,3.0276503540974917,0.0,0.0,1.828559098217032e-18,0.007356788584456137,0.039655953858274286,0.039655953858274286,0.0,2.641556352838358e-07,3.031856021761253e-14,6.618598397459965e-21,1.712060775177539e-27,4.54839292433707e-34
0,0.0,3.0276503540974917,0.0,0.0,0.0,0.0051283788608088585,0.02822989710353176,0.02822989710353176,0.0,4.047999520232054e-07,1.1510187334938447e-13,4.418410935807095e-20,1.7085614459258412e-26,6.748764115093954e-33
0,1.1702778228589004e-16,3.0276503540974917,0.0,0.0,2.28569887277129e-19,0.008504939594685674,0.03060356177089492,0.03060356177089492,0.0,5.648721777092488e-07,1.168112828514545e-13,3.3946466224308536e-20,1.0982275881349639e-26,3.781544230174271e-33
0,1.1702778228589004e-16,3.0276503540974917,0.0,0.0,4.57139774554258e-19,0.007565265282156907,0.03427364178157145,0.03427364178157144,0.0,3.6742608217668613e-07,1.4049265808349738e-13,8.569834580913248e-20,5.491939370653819e-26,3.5475539052730107e-32
0,0.0,3.0276503540974917,0.0,0.0,9.14279549108516e-19,0.008909229839457345,0.040728991701944266,0.040728991701944266,0.0,4.7583868542634943e-07,1.5320964822982946e-13,6.596265257414336e-20,3.243621322636161e-26,1.701739282252389e-32
0,2.925694557147251e-17,3.0276503540974917,0.0,0.0,1.828559098217032e-18,0.006889890097808616,0.03879528871365477,0.03879528871365477,0.0,2.3683948230607125e-07,3.783498248777133e-14,1.141495572663729e-20,3.719057249169978e-27,1.2261062370823522e-33
0,0.0,3.0276503540974917,0.0,0.0,0.0,0.007432458618872124,0.028013445953590538,0.028013445953590538,0.0,4.3117981108351075e-07,1.4410622365392026e-13,7.866151486564986e-20,4.7366390463965396e-26,2.9221971839708534e-32
0,1.1702778228589004e-16,3.0276503540974917,0.0,0.0,2.28569887277129e-19,0.004064734887095999,0.03656964144693198,0.03656964144693198,0.0,5.995217082037004e-07,1.4057830938823567e-13,4.321143572058684e-20,1.4236513696892987e-26,4.896637072371005e-33
0,0.0,3.0276503540974917,0.0,0.0,4.57139774554258e-19,0.01165611193879556,0.02337126760291352,0.023371267602913512,0.0,4.135515617762309e-07,7.531544337236963e-14,2.2013823885909628e-20,7.952780029876795e-27,3.047930028726734e-33
0,0.0,3.0276503540974917,0.0,0.0,9.14279549108516e-19,0.00811365551006101,0.03210002530160562,0.03210002530160562,0.0,3.1429568802112053e-07,1.0328442200984915e-13,3.471739938011078e-20,1.1434794498037878e-26,3.796829557881914e-33
0,0.0,3.0276503540974917,0.0,0.0,1.828559098217032e-18,0.006921584611085207,0.033297614209984026,0.03329761420998403,0.0,2.6073794530895035e-07,2.841639138450966e-14,6.705987157301498e-21,1.882676056016945e-27,5.355031774081608e-34
0,0.0,3.0276503540974917,0.0,0.0,0.0,0.005981467771982771,0.022083697441540436,0.022083697441540432,0.0,5.073447389720713e-07,1.2337364740823207e-13,4.120182573179894e-20,1.4541888451868556e-26,5.189385511809615e-33
0,0.0,3.0276503540974917,0.0,0.0,2.28569887277129e-19,0.009851628773434361,0.03371745122527186,0.03371745122527186,0.0,4.595716362658828e-07,5.5522880278355e-14,1.3477512049113772e-20,4.141221780271399e-27,1.3689155285652897e-33
0,1.1702778228589004e-16,3.0276503540974917,0.0,0.0,4.57139774554258e-19,0.008822304520788183,0.025263483097103693,0.025263483097103693,0.0,3.7041498069876894e-07,2.1267541218718082e-13,1.836230377445121e-19,1.5698369035181178e-25,1.3336870874713765e-31
0,5.851389114294502e-17,3.0276503540974917,0.0,0.0,9.14279549108516e-19,0.009518364502974828,0.03172879878189019,0.03172879878189018,0.0,4.748757595262259e-07,5.467705320889528e-14,1.2949734934097269e-20,3.3858380068642e-27,9.110171804453634e-34
0,0.0,3.0276503540974917,0.0,0.0,1.828559098217032e-18,0.008804801911892353,0.02945409317197379,0.029454093171973787,0.0,1.445729062777363e-07,9.423108823255865e-15,1.2958294365789248e-21,1.6620047017697055e-28,2.1293614767557418e-35
0,0.0,3.0276503540974917,0.0,0.0,0.0,0.009741706087713908,0.014749802516212114,0.014749802516212114,0.0,3.2068309087016475e-07,6.392754710679442e-14,1.730759932233672e-20,5.147617883545867e-27,1.5966071400199694e-33
0,1.1702778228589004e-16,3.0276503540974917,0.0,0.0,2.28569887277129e-19,0.008078562199856852,0.0329575430241402,0.03295754302414021,0.0,4.93868828654627e-07,2.374867603128647e-13,1.8574736877842555e-19,1.6100396713531665e-25,1.4091010744530277e-31
0,1.1702778228589004e-16,3.0276503540974917,0.0,0.0,4.57139774554258e-19,0.006151597182279576,0.027635950804885612,0.02763595080488561,0.0,3.923113130526296e-07,1.2066196024480541e-13,5.435715018966692e-20,2.630551075990278e-26,1.313191277009135e-32
0,5.851389114294502e-17,3.0276503540974917,0.0,0.0,9.14279549108516e-19,0.00715820764128933,0.025745332264527437,0.025745332264527437,0.0,2.748488284985987e-07,2.2225744185599312e-14,3.298593967372388e-21,5.865374353560124e-28,1.1160234070696891e-34
0,0.0,3.0276503540974917,0.0,0.0,1.828559098217032e-18,0.007011652192529954,0.04967585116268074,0.04967585116268073,0.0,2.0471675077246428e-07,2.8348352744357873e-14,7.237231582041588e-21,1.9806886238808193e-27,5.524267511934629e-34
0,0.0,3.0276503540974917,0.0,0.0,0.0,0.006837666825412587,0.01996662017697908,0.01996662017697908,0.0,4.992234694137072e-07,1.647654595117683e-13,6.575836477161247e-20,2.8582227304552944e-26,1.3010933872401633e-32
0,1.1702778228589004e-16,3.0276503540974917,0.0,0.0,2.28569887277129e-19,0.006467987735267214,0.031026134447980944,0.031026134447980944,0.0,4.1706341636260565e-07,1.4082241043101934e-13,6.58702661088471e-20,3.285302914450886e-26,1.7055482071325146e-32
0,1.1702778228589004e-16,3.0276503540974917,0.0,0.0,4.57139774554258e-19,0.005803671109833266,0.027799382258398418,0.027799382258398415,0.0,2.886378937857808e-07,1.0114672641347695e-13,4.770236974788127e-20,2.3472137444619372e-26,1.1720021671588367e-32
0,0.0,3.0276503540974917,0.0,0.0,9.14279549108516e-19,0.009942125350760972,0.04345346577837589,0.04345346577837588,0.0,4.31210987904818e-07,2.8887799770004327e-13,2.504449496125295e-19,2.1833655334468174e-25,1.9187705654416222e-31
0,0.0,3.0276503540974917,0.0,0.0,1.828559098217032e-18,0.004725847729951869,0.038956060304259986,0.038956060304259986,0.0,2.18957341034465e-07,5.490442704634357e-14,1.798738060646454e-20,6.517390169627603e-27,2.4346313558990645e-33
0,0.0,3.0276503540974917,0.0,0.0,0.0,0.0076482072994956945,0.029508578694554713,0.029508578694554713,0.0,2.380609398955913e-07,5.710407580438919e-14,1.9436825919033945e-20,6.894150347746317e-27,2.5455524401976898e-33
0,1.1702778228589004e-16,3.0276503540974917,0.0,0.0,2.28569887277129e-19,0.007936331167706067,0.029767769626902196,0.029767769626902196,0.0,3.6959130374517303e-07,1.0759302028220985e-13,3.942437904218445e-20,1.7145924015403753e-26,7.915355487471054e-33
0,0.0,3.0276503540974917,0.0,0.0,4.57139774554258e-19,0.004758431103804306,0.03050649980842227,0.03050649980842227,0.0,2.9853208526068297e-07,3.8562526560552374e-14,7.690776469817443e-21,1.8210544100247957e-27,4.684285686459837e-34
0,5.851389114294502e-17,3.0276503540974917,0.0,0.0,9.14279549108516e-19,0.0065697036976807375,0.04402772071378547,0.04402772071378547,0.0,3.6230117589789387e-07,4.765719247311589e-14,1.2589581728908586e-20,3.597831585144705e-27,1.0404001868987945e-33
0,0.0,3.0276503540974917,0.0,0.0,1.828559098217032e-18,0.006863616729556121,0.02316453968557527,0.023164539685575275,0.0,2.3549887002820028e-07,3.8427454687262333e-14,9.731865460352476e-21,2.688150207903652e-27,7.627763376717586e-34
0,0.0,3.0276503540974917,0.0,0.0,0.0,0.008738054135196934,0.017374154784848012,0.017374154784848012,0.0,5.833952958686438e-07,3.3664027931577317e-13,2.5365259165102976e-19,2.1412125557181794e-25,1.8809102686099358e-31
0,0.0,3.0276503540974917,0.0,0.0,2.28569887277129e-19,0.00955978166280554,0.0259873731281019,0.0259873731281019,0.0,6.044080302143552e-07,1.6787833566269498e-13,5.647553879712752e-20,2.0076285353800674e-26,7.430048272242199e-33
0,0.0,3.0276503540974917,0.0,0.0,4.57139774554258e-19,0.0061388482578968425,0.03171325054672504,0.03171325054672504,0.0,3.2648949071109195e-07,1.1028910643437935e-13,4.249933076367214e-20,1.6627162784908796e-26,6.556486150756025e-33
0,0.0,3.0276503540974917,0.0,0.0,9.14279549108516e-19,0.007063944317761437,0.04566647329641981,0.04566647329641982,0.0,4.5520011872951327e-07,6.520030443560634e-14,2.0667279895247027e-20,7.480578873226286e-27,2.770247721444102e-33
0,0.0,3.0276503540974917,0.0,0.0,1.828559098217032e-18,0.004226799910733412,0.023184774836821114,0.023184774836821114,0.0,2.129195764553902e-07,2.365585788674337e-14,4.265555212120432e-21,8.376209514845246e-28,1.6816654190732185e-34
0,0.0,3.0276503540974917,0.0,0.0,0.0,0.00907941764413164,0.027178038555863437,0.027178038555863437,0.0,4.2416502256496707e-07,1.0782273917025337e-13,6.668131250982743e-20,4.142764646732577e-26,2.540739154171918e-32
0,1.1702778228589004e-16,3.0276503540974917,0.0,0.0,2.28569887277129e-19,0.00824370717829179,0.028197876727852234,0.028197876727852234,0.0,4.858024425370272e-07,1.1763145322196648e-13,3.8502392773252427e-20,1.495484580714038e-26,6.329538732489081e-33
0,0.0,3.0276503540974917,0.0,0.0,4.57139774554258e-19,0.007738088801326911,0.03632076267950411,0.03632076267950411,0.0,3.96724432335388e-07,1.197134285723245e-13,5.168584398684583e-20,2.282504951975489e-26,1.0067938626215582e-32
0,0.0,3.0276503540974917,0.0,0.0,9.14279549108516e-19,0.005224877014850758,0.036254994034813484,0.03625499403481348,0.0,2.706657749250764e-07,2.875947568928083e-14,4.7796471577101e-21,9.186744843810283e-28,1.876799944178524e-34
0,2.925694557147251e-17,3.0276503540974917,0.0,0.0,1.828559098217032e-18,0.004834096086982754,0.04476282510913895,0.04476282510913895,0.0,1.9831468218875205e-07,1.0314396592055004e-14,1.6156790078092855e-21,2.6196894789541805e-28,4.2486469435999003e-35
0,0.0,3.0276503540974917,0.0,0.0,0.0,0.007456761418980843,0.03305539420379061,0.033055394203790604,0.0,5.566301860635149e-07,2.7327028366378544e-13,2.337789829188178e-19,2.1051800000317164e-25,1.9058818296380696e-31
0,0.0,3.0276503540974917,0.0,0.0,2.28569887277129e-19,0.00731349031938426,0.03025568527560316,0.03025568527560316,0.0,2.0263007752776984e-07,5.820302223404115e-14,1.9928418238636625e-20,6.441858746020401e-27,2.0829351742156007e-33
0,1.1702778228589004e-16,3.0276503540974917,0.0,0.0,4.57139774554258e-19,0.006466602302257515,0.033583118512360316,0.03358311851236031,0.0,3.245508117027565e-07,5.311495618511714e-14,1.5611170694482242e-20,5.377074153962666e-27,1.929266787831347e-33
0,0.0,3.0276503540974917,0.0,0.0,9.14279549108516e-19,0.007699810438711803,0.05423687972349738,0.05423687972349738,0.0,2.0580450141005762e-07,2.0875330364847288e-14,3.1847721232400946e-21,5.0709663936624845e-28,8.260824936035068e-35
0,0.0,3.0276503540974917,0.0,0.0,1.828559098217032e-18,0.00536774579257334,0.03311604743606794,0.033116047436067934,0.0,1.719707498711317e-07,1.709996822811734e-14,4.659226892411885e-21,1.2339403356180811e-27,3.164726274080326e-34
0,0.0,3.0276503540974917,0.0,0.0,0.0,0.004573009018053183,0.02964548776705295,0.02964548776705295,0.0,3.6423349229964356e-07,1.1263299197414275e-13,3.8765527972564257e-20,1.437527116371605e-26,5.602147469039314e-33
0,0.0,3.0276503540974917,0.0,0.0,2.28569887277129e-19,0.0056029659110874595,0.03696081765477606,0.03696081765477607,0.0,3.813805131524254e-07,1.0079981239204488e-13,5.976939108051295e-20,3.527461215980383e-26,2.0602348138226398e-32
0,0.0,3.0276503540974917,0.0,0.0,4.57139774554258e-19,0.007996839612285516,0.03737352221627569,0.03737352221627569,0.0,2.270128507394154e-07,2.8862716604567933e-14,5.386500722612063e-21,1.0529412587741448e-27,2.0914082683507003e-34
0,0.0,3.0276503540974917,0.0,0.0,9.14279549108516e-19,0.0062803807108659975,0.04318853615364397,0.04318853615364397,0.0,2.2000132517464504e-07,2.0814823121630993e-14,5.4279653366112334e-21,1.4604349942156644e-27,3.889800761519219e-34
0,7.314236392868128e-18,3.0276503540974917,0.0,0.0,1.828559098217032e-18,0.006985331971003414,0.047417757293395965,0.047417757293395965,0.0,1.6246350851266972e-07,2.240671258721356e-14,3.867241344136049e-21,7.359035501233603e-28,1.4958231737306841e-34
0,0.0,3.0276503540974917,0.0,0.0,0.0,0.004789515572948197,0.025587605228329324,0.025587605228329324,0.0,3.949977199454179e-07,1.491371953047854e-13,9.768897256706128e-20,6.6069162208695e-26,4.4724627798638193e-32
0,0.0,3.0276503540974917,0.0,0.0,2.28569887277129e-19,0.008834418139031361,0.03554446284183111,0.03554446284183111,0.0,5.875536670177142e-07,1.2944143602357323e-13,4.508887389552907e-20,1.8408806708202382e-26,8.000536344961957e-33
0,0.0,3.0276503540974917,0.0,0.0,4.57139774554258e-19,0.005102929151178213,0.03728561620805716,0.03728561620805716,0.0,3.896302242293676e-07,1.4812416078230156e-13,9.680063371904881e-20,6.561497846894893e-26,4.45339344550731e-32
0,0.0,3.0276503540974917,0.0,0.0,9.14279549108516e-19,0.004542996868245499,0.04285801351843597,0.04285801351843597,0.0,3.539073301922905e-07,7.734175234774611e-14,2.5933505667630962e-20,9.395024839944582e-27,3.521190118270037e-33
0,0.0,3.0276503540974917,0.0,0.0,1.828559098217032e-18,0.008987030172886521,0.04282859123620635,0.04282859123620635,0.0,2.395519427953803e-07,2.9131918273305556e-14,6.026921379293329e-21,1.3139716205236322e-27,2.8749310776815277e-34
0,0.0,3.0276503540974917,0.0,0.0,0.0,0.011015649261260916,0.026603935832435182,0.026603935832435185,0.0,2.546450511586914e-07,5.280531421530873e-14,1.2269868268573299e-20,3.259811120421431e-27,9.652797063863938e-34
0,0.0,3.0276503540974917,0.0,0.0,2.28569887277129e-19,0.007240113648350583,0.02301812886052218,0.02301812886052218,0.0,3.897213253662374e-07,6.990208186926932e-14,1.8687575427543617e-20,5.5585675231783805e-27,1.7084975462396572e-33
0,0.0,3.0276503540974917,0.0,0.0,4.57139774554258e-19,0.008411499617232946,0.05228644784342767,0.05228644784342767,0.0,5.442995647811573e-07,1.3603672846637242e-13,5.476500452146143e-20,2.511703640704073e-26,1.209029859523266e-32
0,0.0,3.0276503540974917,0.0,0.0,9.14279549108516e-19,0.00828782059975633,0.03774186670613765,0.03774186670613765,0.0,2.8497098548809846e-07,8.565598755148407e-14,4.158811668169176e-20,2.1223226769577285e-26,1.0844272380707834e-32
0,3.657118196434064e-18,3.0276503540974917,0.0,0.0,1.828559098217032e-18,0.0070365551987557435,0.03615095752262312,0.03615095752262312,0.0,1.2306690287570384e-07,9.493006055141275e-15,1.2623457718002667e-21,1.612909104505751e-28,2.0168504994184923e-35
